#GRAPH (#nodes #edges id uu vv ww xx yy zz):
#10 50 geo(0,{10,25,3,0.330,0.000,0.000}) 25 
#
VERTICES (index name u v w x y z):
0 0 2 13 
1 1 19 6 
2 2 9 17 
3 3 14 22 
4 4 22 12 
5 5 0 14 
6 6 23 1 
7 7 19 7 
8 8 14 9 
9 9 20 14 
#
EDGES (from-node to-node length a b):
0 8 13 0 
0 5 2 0 
0 4 20 0 
0 2 8 0 
1 7 1 0 
1 6 6 0 
1 5 21 0 
1 4 7 0 
1 2 15 0 
2 9 11 0 
2 8 9 0 
2 6 21 0 
2 5 9 0 
2 3 7 0 
3 8 13 0 
3 5 16 0 
4 8 9 0 
4 7 6 0 
5 8 15 0 
5 7 20 0 
6 9 13 0 
6 8 12 0 
6 7 7 0 
7 9 7 0 
7 8 5 0 
