#GRAPH (#nodes #edges id uu vv ww xx yy zz):
#100 344 geo(0,{100,25,3,0.033,0.000,0.000}) 25 
#
VERTICES (index name u v w x y z):
0 0 15 20 
1 1 3 6 
2 2 0 1 
3 3 23 4 
4 4 19 12 
5 5 17 16 
6 6 1 3 
7 7 23 18 
8 8 24 6 
9 9 10 21 
10 10 1 18 
11 11 18 2 
12 12 7 19 
13 13 3 22 
14 14 2 16 
15 15 8 0 
16 16 12 17 
17 17 21 7 
18 18 7 2 
19 19 4 17 
20 20 4 7 
21 21 17 17 
22 22 10 19 
23 23 22 12 
24 24 1 8 
25 25 19 13 
26 26 11 13 
27 27 8 18 
28 28 0 21 
29 29 0 2 
30 30 19 2 
31 31 21 0 
32 32 9 20 
33 33 24 22 
34 34 6 20 
35 35 17 6 
36 36 2 2 
37 37 24 0 
38 38 12 8 
39 39 4 4 
40 40 24 21 
41 41 10 15 
42 42 14 15 
43 43 5 6 
44 44 2 24 
45 45 23 2 
46 46 18 20 
47 47 2 14 
48 48 6 12 
49 49 21 16 
50 50 19 9 
51 51 21 6 
52 52 10 8 
53 53 9 4 
54 54 11 14 
55 55 17 22 
56 56 20 0 
57 57 10 2 
58 58 14 22 
59 59 15 19 
60 60 13 8 
61 61 14 8 
62 62 17 5 
63 63 1 23 
64 64 7 21 
65 65 8 11 
66 66 8 20 
67 67 15 7 
68 68 4 0 
69 69 5 10 
70 70 19 23 
71 71 21 15 
72 72 2 18 
73 73 10 10 
74 74 1 0 
75 75 3 20 
76 76 5 21 
77 77 2 12 
78 78 24 15 
79 79 14 23 
80 80 15 24 
81 81 4 1 
82 82 16 7 
83 83 4 19 
84 84 15 17 
85 85 6 1 
86 86 24 14 
87 87 0 22 
88 88 13 2 
89 89 8 22 
90 90 10 11 
91 91 21 13 
92 92 6 6 
93 93 13 17 
94 94 11 22 
95 95 3 4 
96 96 1 21 
97 97 16 3 
98 98 16 1 
99 99 12 13 
#
EDGES (from-node to-node length a b):
0 80 4 0 
0 70 5 0 
0 10 14 0 
1 80 22 0 
1 56 18 0 
1 55 21 0 
1 48 7 0 
2 86 27 0 
2 78 28 0 
2 53 9 0 
3 94 22 0 
3 54 16 0 
3 40 17 0 
3 32 21 0 
4 76 17 0 
4 65 11 0 
4 63 21 0 
4 21 5 0 
5 77 16 0 
5 58 7 0 
5 56 16 0 
5 24 18 0 
5 12 10 0 
6 60 13 0 
6 56 19 0 
6 49 24 0 
7 84 8 0 
7 45 16 0 
7 38 15 0 
8 62 7 0 
8 49 10 0 
9 89 2 0 
9 86 16 0 
9 80 6 0 
9 21 8 0 
10 90 11 0 
10 83 3 0 
10 36 16 0 
10 19 3 0 
10 17 23 0 
11 77 19 0 
11 72 23 0 
11 67 6 0 
11 25 11 0 
11 13 25 0 
12 88 18 0 
12 53 15 0 
13 57 21 0 
13 41 10 0 
13 28 3 0 
14 76 6 0 
14 52 11 0 
15 49 21 0 
15 41 15 0 
15 22 19 0 
16 61 9 0 
17 73 11 0 
17 68 18 0 
17 61 7 0 
17 60 8 0 
17 41 14 0 
18 92 4 0 
18 74 6 0 
18 34 18 0 
19 58 11 0 
19 39 13 0 
20 68 7 0 
20 67 11 0 
20 45 20 0 
21 86 8 0 
22 64 4 0 
22 47 9 0 
22 42 6 0 
23 94 15 0 
23 82 8 0 
23 55 11 0 
23 27 15 0 
24 73 9 0 
24 31 22 0 
25 88 13 0 
26 65 4 0 
26 64 9 0 
27 59 7 0 
27 30 19 0 
28 86 25 0 
28 81 20 0 
28 32 9 0 
29 67 16 0 
30 84 16 0 
30 57 9 0 
30 32 21 0 
31 69 19 0 
32 77 11 0 
32 60 13 0 
32 53 16 0 
32 45 23 0 
33 45 20 0 
34 97 20 0 
34 88 19 0 
35 88 6 0 
35 50 4 0 
35 41 11 0 
36 97 14 0 
36 84 20 0 
36 53 7 0 
36 49 24 0 
36 38 12 0 
37 69 21 0 
37 60 14 0 
37 58 24 0 
38 70 17 0 
39 98 12 0 
39 88 9 0 
39 77 8 0 
39 72 14 0 
40 66 16 0 
40 62 17 0 
40 61 16 0 
41 99 3 0 
41 98 15 0 
43 91 17 0 
44 90 15 0 
44 54 13 0 
45 94 23 0 
46 47 17 0 
47 95 10 0 
47 72 4 0 
47 53 12 0 
48 92 6 0 
49 74 26 0 
49 53 17 0 
50 87 23 0 
51 82 5 0 
52 98 9 0 
52 93 9 0 
52 58 15 0 
53 56 12 0 
55 75 14 0 
55 57 21 0 
56 86 15 0 
56 61 10 0 
57 60 7 0 
58 69 15 0 
58 65 13 0 
59 63 15 0 
60 84 9 0 
61 80 16 0 
61 63 20 0 
62 67 3 0 
62 63 24 0 
64 85 20 0 
65 79 13 0 
66 85 19 0 
66 75 5 0 
68 97 12 0 
69 75 10 0 
69 74 11 0 
70 97 20 0 
70 87 19 0 
71 87 22 0 
72 73 11 0 
73 80 15 0 
74 79 26 0 
76 99 11 0 
77 82 15 0 
80 82 17 0 
81 89 21 0 
81 87 21 0 
83 91 18 0 
86 95 23 0 
92 93 13 0 
93 96 13 0 
