#GRAPH (#nodes #edges id uu vv ww xx yy zz):
#100 414 geo(0,{100,25,3,0.033,0.000,0.000}) 25 
#
VERTICES (index name u v w x y z):
0 0 3 7 
1 1 11 14 
2 2 18 20 
3 3 2 18 
4 4 20 2 
5 5 9 0 
6 6 10 6 
7 7 5 13 
8 8 5 10 
9 9 7 8 
10 10 15 21 
11 11 2 5 
12 12 21 16 
13 13 18 18 
14 14 14 21 
15 15 24 2 
16 16 19 8 
17 17 15 17 
18 18 1 23 
19 19 22 6 
20 20 10 23 
21 21 8 7 
22 22 16 10 
23 23 23 13 
24 24 20 8 
25 25 12 8 
26 26 15 15 
27 27 8 1 
28 28 17 6 
29 29 10 11 
30 30 24 16 
31 31 16 0 
32 32 23 22 
33 33 20 13 
34 34 24 17 
35 35 2 22 
36 36 9 4 
37 37 11 12 
38 38 15 19 
39 39 13 7 
40 40 23 21 
41 41 15 14 
42 42 8 2 
43 43 0 16 
44 44 0 10 
45 45 9 17 
46 46 1 14 
47 47 21 4 
48 48 2 11 
49 49 10 15 
50 50 15 0 
51 51 1 9 
52 52 18 16 
53 53 4 8 
54 54 17 15 
55 55 6 24 
56 56 17 14 
57 57 12 22 
58 58 8 4 
59 59 21 22 
60 60 22 1 
61 61 18 21 
62 62 12 9 
63 63 4 4 
64 64 22 4 
65 65 17 18 
66 66 5 9 
67 67 16 21 
68 68 19 10 
69 69 0 1 
70 70 15 4 
71 71 11 11 
72 72 5 8 
73 73 6 6 
74 74 23 5 
75 75 13 11 
76 76 2 14 
77 77 5 17 
78 78 18 23 
79 79 0 24 
80 80 24 19 
81 81 24 23 
82 82 12 16 
83 83 8 15 
84 84 4 9 
85 85 11 3 
86 86 0 4 
87 87 23 6 
88 88 22 24 
89 89 16 9 
90 90 4 19 
91 91 1 15 
92 92 1 5 
93 93 6 18 
94 94 7 0 
95 95 1 8 
96 96 7 3 
97 97 17 24 
98 98 4 2 
99 99 7 21 
#
EDGES (from-node to-node length a b):
0 99 15 0 
0 85 9 0 
0 84 2 0 
0 53 1 0 
0 33 18 0 
0 10 18 0 
1 92 13 0 
1 65 7 0 
1 50 15 0 
1 49 1 0 
1 41 4 0 
1 32 14 0 
2 90 14 0 
2 79 18 0 
2 75 10 0 
2 21 16 0 
2 14 4 0 
3 81 23 0 
3 65 15 0 
3 48 7 0 
3 46 4 0 
3 10 13 0 
4 14 20 0 
4 13 16 0 
4 5 11 0 
5 86 10 0 
5 60 13 0 
5 37 12 0 
6 61 17 0 
6 19 12 0 
6 15 15 0 
6 10 16 0 
7 67 14 0 
7 46 4 0 
7 36 10 0 
7 28 14 0 
8 49 7 0 
8 31 15 0 
8 11 6 0 
9 67 16 0 
9 46 8 0 
9 45 9 0 
9 34 19 0 
10 88 8 0 
10 39 14 0 
10 16 14 0 
10 12 8 0 
11 97 24 0 
11 92 1 0 
11 53 4 0 
11 35 17 0 
12 91 20 0 
12 81 8 0 
12 49 11 0 
13 81 8 0 
13 61 3 0 
13 58 17 0 
13 56 4 0 
13 26 4 0 
14 27 21 0 
15 70 9 0 
15 63 20 0 
15 43 28 0 
15 34 15 0 
16 73 13 0 
16 58 12 0 
16 44 19 0 
17 98 19 0 
17 89 8 0 
17 88 10 0 
17 79 17 0 
17 69 22 0 
17 37 6 0 
18 98 21 0 
18 57 11 0 
18 40 22 0 
19 61 16 0 
19 58 14 0 
19 55 24 0 
20 83 8 0 
20 80 15 0 
20 63 20 0 
21 77 10 0 
21 66 4 0 
22 81 15 0 
22 56 4 0 
22 55 17 0 
22 28 4 0 
22 23 8 0 
23 87 7 0 
23 82 11 0 
23 76 21 0 
24 92 19 0 
24 31 9 0 
25 96 7 0 
25 89 4 0 
25 43 14 0 
26 77 10 0 
26 33 5 0 
26 30 9 0 
27 28 10 0 
28 80 15 0 
28 77 16 0 
28 66 12 0 
28 62 6 0 
28 58 9 0 
28 41 8 0 
29 67 12 0 
29 52 9 0 
29 43 11 0 
30 91 23 0 
30 45 15 0 
30 44 25 0 
30 35 23 0 
32 53 24 0 
32 48 24 0 
33 68 3 0 
33 53 17 0 
33 47 9 0 
34 84 22 0 
35 74 27 0 
36 50 7 0 
37 62 3 0 
38 97 5 0 
38 88 9 0 
38 49 6 0 
39 91 14 0 
39 48 12 0 
40 60 20 0 
41 73 12 0 
41 60 15 0 
41 54 2 0 
42 93 16 0 
42 90 17 0 
42 81 26 0 
42 55 22 0 
43 96 15 0 
43 93 6 0 
43 80 24 0 
43 69 15 0 
43 47 24 0 
43 45 9 0 
44 64 23 0 
44 59 24 0 
44 49 11 0 
46 88 23 0 
46 85 15 0 
46 69 13 0 
47 95 20 0 
47 93 21 0 
47 49 16 0 
49 75 5 0 
50 99 22 0 
51 98 8 0 
51 96 8 0 
51 95 1 0 
51 78 22 0 
51 76 5 0 
51 71 10 0 
52 73 16 0 
52 56 2 0 
53 94 9 0 
53 54 15 0 
54 97 9 0 
54 89 6 0 
54 83 9 0 
55 71 14 0 
56 84 14 0 
56 81 11 0 
56 78 9 0 
56 57 9 0 
57 94 23 0 
57 80 12 0 
57 69 24 0 
57 62 13 0 
58 93 14 0 
58 90 16 0 
58 74 15 0 
58 67 19 0 
58 62 6 0 
59 72 21 0 
60 89 10 0 
61 63 22 0 
62 90 13 0 
62 73 7 0 
63 99 17 0 
63 74 19 0 
64 98 18 0 
69 73 8 0 
69 70 15 0 
70 90 19 0 
72 76 7 0 
73 82 12 0 
74 97 20 0 
75 94 13 0 
76 99 9 0 
76 87 22 0 
76 78 18 0 
79 81 24 0 
80 88 5 0 
81 96 26 0 
82 97 9 0 
84 85 9 0 
88 99 15 0 
89 92 16 0 
90 92 14 0 
95 98 7 0 
