#GRAPH (#nodes #edges id uu vv ww xx yy zz):
#100 352 geo(0,{100,25,3,0.033,0.000,0.000}) 25 
#
VERTICES (index name u v w x y z):
0 0 20 8 
1 1 11 5 
2 2 10 18 
3 3 3 11 
4 4 9 9 
5 5 15 13 
6 6 15 24 
7 7 19 13 
8 8 2 9 
9 9 14 10 
10 10 0 15 
11 11 14 7 
12 12 11 19 
13 13 10 20 
14 14 20 2 
15 15 0 1 
16 16 10 14 
17 17 1 21 
18 18 17 24 
19 19 16 22 
20 20 13 10 
21 21 20 20 
22 22 21 6 
23 23 22 12 
24 24 5 20 
25 25 13 18 
26 26 24 3 
27 27 14 2 
28 28 17 13 
29 29 15 12 
30 30 11 12 
31 31 6 5 
32 32 5 22 
33 33 9 7 
34 34 14 4 
35 35 11 3 
36 36 20 9 
37 37 5 3 
38 38 3 3 
39 39 24 15 
40 40 13 7 
41 41 0 11 
42 42 11 18 
43 43 12 10 
44 44 13 4 
45 45 4 6 
46 46 10 13 
47 47 0 22 
48 48 12 5 
49 49 12 9 
50 50 8 21 
51 51 4 1 
52 52 18 9 
53 53 14 5 
54 54 14 23 
55 55 1 20 
56 56 17 9 
57 57 12 3 
58 58 20 14 
59 59 21 9 
60 60 22 21 
61 61 7 19 
62 62 7 23 
63 63 14 18 
64 64 11 10 
65 65 5 2 
66 66 0 19 
67 67 11 23 
68 68 10 16 
69 69 22 17 
70 70 21 22 
71 71 21 21 
72 72 6 6 
73 73 21 3 
74 74 24 20 
75 75 21 15 
76 76 6 9 
77 77 6 24 
78 78 10 17 
79 79 18 4 
80 80 21 19 
81 81 14 8 
82 82 1 15 
83 83 12 6 
84 84 5 1 
85 85 6 10 
86 86 21 5 
87 87 21 13 
88 88 11 20 
89 89 17 19 
90 90 23 23 
91 91 3 8 
92 92 13 5 
93 93 22 14 
94 94 9 21 
95 95 7 14 
96 96 16 10 
97 97 24 8 
98 98 24 0 
99 99 21 1 
#
EDGES (from-node to-node length a b):
0 68 13 0 
0 42 13 0 
0 17 23 0 
1 82 14 0 
1 24 16 0 
1 20 5 0 
2 70 12 0 
2 68 2 0 
3 99 21 0 
3 79 17 0 
3 46 7 0 
3 40 11 0 
3 11 12 0 
4 93 14 0 
4 75 13 0 
4 64 2 0 
4 37 7 0 
4 20 4 0 
5 95 8 0 
5 90 13 0 
5 68 6 0 
5 37 14 0 
6 90 8 0 
6 73 22 0 
6 48 19 0 
6 45 21 0 
6 43 14 0 
6 37 23 0 
6 30 13 0 
7 72 15 0 
7 21 7 0 
8 23 20 0 
8 15 8 0 
9 54 13 0 
9 51 13 0 
9 49 2 0 
10 95 7 0 
10 90 24 0 
10 78 10 0 
10 73 24 0 
10 67 14 0 
10 61 8 0 
11 86 7 0 
12 79 17 0 
12 31 15 0 
12 14 19 0 
13 67 3 0 
13 61 3 0 
13 51 20 0 
13 44 16 0 
13 23 14 0 
14 93 12 0 
14 18 22 0 
15 95 15 0 
15 78 19 0 
15 63 22 0 
15 56 19 0 
15 38 4 0 
16 30 2 0 
17 81 18 0 
17 67 10 0 
17 58 20 0 
17 46 12 0 
18 97 17 0 
18 95 14 0 
18 82 18 0 
18 49 16 0 
18 45 22 0 
18 30 13 0 
19 51 24 0 
20 91 10 0 
20 59 8 0 
20 53 5 0 
21 88 9 0 
21 74 4 0 
21 30 12 0 
21 26 17 0 
22 98 7 0 
22 29 8 0 
23 82 21 0 
23 66 23 0 
23 61 17 0 
23 56 6 0 
24 86 22 0 
24 62 4 0 
24 33 14 0 
25 79 15 0 
25 71 9 0 
25 57 15 0 
25 55 12 0 
25 48 13 0 
27 77 23 0 
27 69 17 0 
27 59 10 0 
28 90 12 0 
29 74 12 0 
29 53 7 0 
29 45 13 0 
29 40 5 0 
30 76 6 0 
30 71 13 0 
31 90 25 0 
31 82 11 0 
31 58 17 0 
32 40 17 0 
33 50 14 0 
34 77 22 0 
35 81 6 0 
35 78 14 0 
35 38 8 0 
36 89 10 0 
36 84 17 0 
36 79 5 0 
36 51 18 0 
36 45 16 0 
36 43 8 0 
37 83 8 0 
37 52 14 0 
37 51 2 0 
37 39 22 0 
38 94 19 0 
40 61 13 0 
40 53 2 0 
41 48 13 0 
41 44 15 0 
42 79 16 0 
44 87 12 0 
44 61 16 0 
44 60 19 0 
44 51 9 0 
45 83 8 0 
47 67 11 0 
47 65 21 0 
49 99 12 0 
49 83 3 0 
49 73 11 0 
49 58 9 0 
49 55 16 0 
50 84 20 0 
51 70 27 0 
51 61 18 0 
53 86 7 0 
54 71 7 0 
54 66 15 0 
55 90 22 0 
57 72 7 0 
59 75 6 0 
59 63 11 0 
59 62 20 0 
59 60 12 0 
62 85 13 0 
62 66 8 0 
63 95 8 0 
63 76 12 0 
65 80 23 0 
65 78 16 0 
66 99 28 0 
66 96 18 0 
66 79 23 0 
67 68 7 0 
68 86 16 0 
69 83 15 0 
69 70 5 0 
71 77 15 0 
72 87 17 0 
72 76 3 0 
73 86 2 0 
74 81 16 0 
75 90 8 0 
76 86 16 0 
77 95 10 0 
77 84 23 0 
78 82 9 0 
81 84 11 0 
89 97 13 0 
92 96 6 0 
