#GRAPH (#nodes #edges id uu vv ww xx yy zz):
#100 324 geo(0,{100,25,3,0.033,0.000,0.000}) 25 
#
VERTICES (index name u v w x y z):
0 0 1 6 
1 1 23 16 
2 2 7 15 
3 3 15 20 
4 4 17 14 
5 5 21 5 
6 6 9 6 
7 7 17 11 
8 8 18 12 
9 9 16 22 
10 10 21 9 
11 11 20 7 
12 12 24 9 
13 13 19 12 
14 14 0 8 
15 15 16 8 
16 16 8 19 
17 17 15 7 
18 18 11 15 
19 19 12 3 
20 20 5 23 
21 21 24 12 
22 22 23 17 
23 23 8 11 
24 24 15 23 
25 25 8 22 
26 26 1 20 
27 27 9 16 
28 28 7 10 
29 29 24 11 
30 30 13 17 
31 31 18 20 
32 32 3 11 
33 33 6 0 
34 34 0 2 
35 35 8 1 
36 36 24 5 
37 37 11 4 
38 38 22 5 
39 39 7 22 
40 40 14 2 
41 41 5 0 
42 42 21 24 
43 43 0 21 
44 44 0 15 
45 45 2 15 
46 46 14 13 
47 47 13 5 
48 48 20 1 
49 49 3 2 
50 50 0 9 
51 51 1 23 
52 52 10 3 
53 53 1 13 
54 54 5 11 
55 55 14 17 
56 56 23 8 
57 57 4 3 
58 58 14 12 
59 59 18 4 
60 60 20 17 
61 61 19 9 
62 62 15 9 
63 63 12 17 
64 64 24 8 
65 65 14 3 
66 66 15 15 
67 67 22 12 
68 68 23 5 
69 69 10 10 
70 70 10 11 
71 71 17 17 
72 72 0 3 
73 73 10 1 
74 74 10 18 
75 75 3 12 
76 76 9 12 
77 77 17 9 
78 78 13 18 
79 79 21 12 
80 80 11 11 
81 81 17 24 
82 82 15 1 
83 83 19 21 
84 84 3 15 
85 85 14 0 
86 86 4 14 
87 87 4 10 
88 88 7 14 
89 89 2 17 
90 90 19 15 
91 91 0 22 
92 92 12 8 
93 93 21 18 
94 94 11 23 
95 95 16 9 
96 96 16 18 
97 97 2 6 
98 98 3 16 
99 99 23 23 
#
EDGES (from-node to-node length a b):
0 87 5 0 
0 82 15 0 
0 44 9 0 
0 42 27 0 
0 31 22 0 
1 89 21 0 
1 54 19 0 
2 97 10 0 
2 56 17 0 
2 46 7 0 
2 32 6 0 
2 8 11 0 
3 97 19 0 
3 33 22 0 
3 23 11 0 
4 42 11 0 
5 98 21 0 
5 68 2 0 
6 99 22 0 
6 59 9 0 
6 51 19 0 
6 28 4 0 
6 25 16 0 
6 15 7 0 
7 80 6 0 
7 22 8 0 
7 20 17 0 
7 13 2 0 
7 11 5 0 
8 87 14 0 
8 66 4 0 
8 18 8 0 
9 33 24 0 
9 12 15 0 
10 65 9 0 
10 15 5 0 
12 97 22 0 
12 90 8 0 
12 73 16 0 
13 32 16 0 
14 91 14 0 
14 62 15 0 
14 29 24 0 
15 28 9 0 
15 26 19 0 
16 40 18 0 
16 21 17 0 
16 19 16 0 
17 85 7 0 
17 65 4 0 
17 18 9 0 
18 78 4 0 
18 72 16 0 
18 24 9 0 
19 48 8 0 
19 44 17 0 
19 31 18 0 
20 41 23 0 
20 38 25 0 
21 54 19 0 
21 32 21 0 
21 23 16 0 
22 86 19 0 
22 84 20 0 
22 56 9 0 
22 36 12 0 
23 61 11 0 
24 83 4 0 
24 61 15 0 
24 56 17 0 
24 49 24 0 
25 80 11 0 
26 85 24 0 
26 68 27 0 
26 66 15 0 
27 83 11 0 
27 43 10 0 
27 31 10 0 
28 61 12 0 
28 52 8 0 
28 35 9 0 
29 97 23 0 
29 89 23 0 
29 59 9 0 
29 52 16 0 
30 36 16 0 
30 32 12 0 
33 68 18 0 
33 65 9 0 
34 74 19 0 
35 70 10 0 
35 53 14 0 
35 50 11 0 
36 98 24 0 
36 82 10 0 
37 85 5 0 
37 61 9 0 
38 79 7 0 
38 62 8 0 
38 55 14 0 
39 71 11 0 
40 97 13 0 
40 95 7 0 
41 74 19 0 
41 67 21 0 
42 85 25 0 
42 59 20 0 
43 45 6 0 
44 95 17 0 
44 55 14 0 
44 50 6 0 
45 99 22 0 
45 96 14 0 
45 75 3 0 
45 57 12 0 
47 57 9 0 
47 56 10 0 
48 85 6 0 
48 78 18 0 
49 88 13 0 
49 55 19 0 
51 53 10 0 
54 73 11 0 
54 69 5 0 
54 58 9 0 
55 94 7 0 
56 68 3 0 
57 95 13 0 
57 87 7 0 
57 70 10 0 
58 83 10 0 
58 76 5 0 
59 73 9 0 
59 71 13 0 
59 66 11 0 
60 94 11 0 
60 92 12 0 
60 88 13 0 
60 81 8 0 
61 72 20 0 
62 80 4 0 
63 67 11 0 
64 97 22 0 
64 76 16 0 
65 80 9 0 
65 69 8 0 
66 85 15 0 
66 74 6 0 
69 90 10 0 
71 81 7 0 
72 76 13 0 
77 93 10 0 
77 84 15 0 
78 85 18 0 
79 90 4 0 
82 92 8 0 
84 95 14 0 
84 93 18 0 
87 97 4 0 
88 92 8 0 
90 99 9 0 
92 93 13 0 
