#GRAPH (#nodes #edges id uu vv ww xx yy zz):
#100 344 geo(0,{100,25,3,0.033,0.000,0.000}) 25 
#
VERTICES (index name u v w x y z):
0 0 15 17 
1 1 19 17 
2 2 17 15 
3 3 13 5 
4 4 0 0 
5 5 8 7 
6 6 9 6 
7 7 5 22 
8 8 2 22 
9 9 3 5 
10 10 23 22 
11 11 24 24 
12 12 17 23 
13 13 19 1 
14 14 6 4 
15 15 17 6 
16 16 19 2 
17 17 23 21 
18 18 1 7 
19 19 16 20 
20 20 18 24 
21 21 8 21 
22 22 18 6 
23 23 20 10 
24 24 13 20 
25 25 2 23 
26 26 4 20 
27 27 15 6 
28 28 22 5 
29 29 21 1 
30 30 6 14 
31 31 11 17 
32 32 23 13 
33 33 7 21 
34 34 24 23 
35 35 8 10 
36 36 14 6 
37 37 3 7 
38 38 18 20 
39 39 0 13 
40 40 20 12 
41 41 19 14 
42 42 9 15 
43 43 23 20 
44 44 7 23 
45 45 1 24 
46 46 12 11 
47 47 11 22 
48 48 1 1 
49 49 24 7 
50 50 18 23 
51 51 24 20 
52 52 20 2 
53 53 6 22 
54 54 20 23 
55 55 18 0 
56 56 20 3 
57 57 21 19 
58 58 13 11 
59 59 20 15 
60 60 5 13 
61 61 15 13 
62 62 21 5 
63 63 12 12 
64 64 0 23 
65 65 10 21 
66 66 10 5 
67 67 8 17 
68 68 22 0 
69 69 10 24 
70 70 6 23 
71 71 12 23 
72 72 14 7 
73 73 23 7 
74 74 18 2 
75 75 19 23 
76 76 4 2 
77 77 7 4 
78 78 23 5 
79 79 13 2 
80 80 16 3 
81 81 5 1 
82 82 10 13 
83 83 8 19 
84 84 3 17 
85 85 14 16 
86 86 2 24 
87 87 2 9 
88 88 11 16 
89 89 24 13 
90 90 10 10 
91 91 24 17 
92 92 19 21 
93 93 13 7 
94 94 10 20 
95 95 20 5 
96 96 21 2 
97 97 23 15 
98 98 13 21 
99 99 12 0 
#
EDGES (from-node to-node length a b):
0 66 13 0 
0 14 16 0 
1 78 13 0 
1 52 15 0 
1 25 18 0 
2 98 7 0 
2 93 9 0 
2 20 9 0 
3 85 11 0 
3 78 10 0 
3 75 19 0 
3 51 19 0 
3 41 11 0 
3 14 7 0 
4 86 24 0 
4 62 22 0 
4 46 16 0 
4 8 22 0 
5 81 7 0 
5 65 14 0 
5 45 18 0 
5 24 14 0 
5 19 15 0 
6 96 13 0 
6 46 6 0 
6 29 13 0 
6 26 15 0 
6 21 15 0 
6 19 16 0 
7 73 23 0 
7 63 12 0 
7 42 8 0 
8 89 24 0 
8 88 11 0 
8 82 12 0 
8 33 5 0 
9 95 17 0 
10 37 25 0 
10 25 21 0 
10 24 10 0 
11 17 3 0 
12 63 12 0 
12 21 9 0 
13 27 6 0 
13 21 23 0 
14 66 4 0 
14 27 9 0 
14 17 24 0 
14 15 11 0 
15 48 17 0 
15 30 14 0 
15 28 5 0 
16 78 5 0 
16 57 17 0 
16 50 21 0 
16 22 4 0 
17 59 7 0 
17 34 2 0 
18 26 13 0 
19 76 22 0 
19 56 17 0 
19 51 8 0 
19 37 18 0 
20 44 11 0 
21 98 5 0 
21 60 9 0 
22 73 5 0 
22 69 20 0 
22 36 4 0 
23 72 7 0 
23 44 18 0 
23 29 9 0 
24 87 16 0 
24 82 8 0 
24 62 17 0 
25 68 30 0 
25 58 16 0 
26 57 17 0 
26 48 19 0 
26 42 7 0 
27 91 14 0 
27 85 10 0 
27 84 16 0 
27 58 5 0 
27 53 18 0 
27 51 17 0 
27 37 12 0 
28 71 21 0 
28 68 5 0 
28 54 18 0 
28 51 15 0 
28 34 18 0 
29 93 10 0 
29 90 14 0 
29 44 26 0 
30 76 12 0 
30 66 10 0 
31 32 13 0 
32 50 11 0 
32 37 21 0 
33 94 3 0 
33 80 20 0 
33 58 12 0 
35 74 13 0 
35 72 7 0 
35 56 14 0 
36 46 5 0 
36 39 16 0 
37 76 5 0 
37 54 23 0 
38 95 15 0 
39 52 23 0 
39 40 20 0 
41 96 12 0 
41 88 8 0 
41 82 9 0 
41 81 19 0 
41 57 5 0 
43 92 4 0 
43 79 21 0 
44 99 24 0 
44 97 18 0 
44 80 22 0 
44 79 22 0 
44 71 5 0 
44 50 11 0 
45 60 12 0 
45 52 29 0 
46 92 12 0 
46 71 12 0 
46 47 11 0 
47 97 14 0 
47 54 9 0 
48 90 13 0 
49 69 22 0 
50 87 21 0 
50 85 8 0 
50 79 22 0 
50 71 6 0 
51 70 18 0 
51 58 14 0 
54 61 11 0 
55 94 22 0 
56 97 12 0 
56 67 18 0 
57 69 12 0 
59 89 4 0 
61 73 10 0 
61 63 3 0 
62 77 14 0 
62 68 5 0 
63 82 2 0 
64 92 19 0 
64 91 25 0 
64 78 29 0 
70 95 23 0 
70 79 22 0 
71 78 21 0 
71 73 19 0 
72 87 12 0 
72 77 8 0 
73 85 13 0 
73 80 8 0 
73 75 16 0 
74 79 5 0 
75 79 22 0 
78 90 14 0 
78 81 18 0 
82 96 16 0 
83 95 18 0 
88 90 6 0 
96 97 13 0 
