#GRAPH (#nodes #edges id uu vv ww xx yy zz):
#100 396 geo(0,{100,25,3,0.033,0.000,0.000}) 25 
#
VERTICES (index name u v w x y z):
0 0 15 14 
1 1 19 3 
2 2 20 4 
3 3 23 14 
4 4 5 2 
5 5 16 22 
6 6 12 16 
7 7 13 11 
8 8 19 24 
9 9 16 12 
10 10 23 1 
11 11 23 11 
12 12 22 17 
13 13 17 17 
14 14 20 16 
15 15 16 7 
16 16 18 4 
17 17 16 13 
18 18 6 6 
19 19 11 16 
20 20 15 10 
21 21 17 3 
22 22 3 0 
23 23 10 17 
24 24 0 22 
25 25 8 7 
26 26 11 22 
27 27 14 14 
28 28 17 16 
29 29 14 3 
30 30 20 18 
31 31 15 21 
32 32 24 5 
33 33 22 4 
34 34 11 24 
35 35 1 17 
36 36 24 9 
37 37 14 24 
38 38 13 21 
39 39 11 17 
40 40 24 13 
41 41 7 16 
42 42 7 21 
43 43 7 14 
44 44 17 8 
45 45 17 9 
46 46 0 18 
47 47 23 24 
48 48 13 12 
49 49 12 22 
50 50 4 23 
51 51 18 7 
52 52 9 23 
53 53 22 0 
54 54 19 21 
55 55 12 15 
56 56 6 11 
57 57 6 13 
58 58 9 22 
59 59 15 6 
60 60 21 24 
61 61 15 16 
62 62 17 6 
63 63 11 14 
64 64 23 22 
65 65 20 22 
66 66 6 3 
67 67 12 2 
68 68 13 9 
69 69 19 23 
70 70 12 5 
71 71 3 2 
72 72 0 6 
73 73 23 12 
74 74 18 8 
75 75 10 2 
76 76 9 3 
77 77 1 6 
78 78 12 19 
79 79 16 6 
80 80 19 4 
81 81 13 5 
82 82 14 18 
83 83 7 4 
84 84 5 3 
85 85 15 24 
86 86 0 8 
87 87 21 8 
88 88 0 10 
89 89 24 0 
90 90 15 0 
91 91 23 4 
92 92 8 22 
93 93 22 15 
94 94 19 12 
95 95 16 5 
96 96 24 22 
97 97 22 8 
98 98 22 19 
99 99 4 10 
#
EDGES (from-node to-node length a b):
0 93 7 0 
0 77 16 0 
0 70 9 0 
0 61 2 0 
0 6 4 0 
1 97 6 0 
1 82 16 0 
1 81 6 0 
1 14 13 0 
2 61 13 0 
2 56 16 0 
2 52 22 0 
3 78 12 0 
3 67 16 0 
3 35 22 0 
3 29 14 0 
4 57 11 0 
4 37 24 0 
4 17 16 0 
5 65 4 0 
5 52 7 0 
5 6 7 0 
6 81 11 0 
6 80 14 0 
6 72 16 0 
6 67 14 0 
6 24 13 0 
7 81 6 0 
7 72 14 0 
7 69 13 0 
7 61 5 0 
8 62 18 0 
8 46 20 0 
8 20 15 0 
9 67 11 0 
9 14 6 0 
10 27 16 0 
10 11 10 0 
11 90 14 0 
11 89 11 0 
11 84 20 0 
11 70 13 0 
11 59 9 0 
11 36 2 0 
11 30 8 0 
11 13 8 0 
12 51 11 0 
12 44 10 0 
12 33 13 0 
12 25 17 0 
13 70 13 0 
14 99 17 0 
14 96 7 0 
14 61 5 0 
14 43 13 0 
14 39 9 0 
14 25 15 0 
15 55 9 0 
15 43 11 0 
16 98 16 0 
16 66 12 0 
18 58 16 0 
19 52 7 0 
19 47 14 0 
20 69 14 0 
20 48 3 0 
20 43 9 0 
20 42 14 0 
21 80 2 0 
21 34 22 0 
22 39 19 0 
23 95 13 0 
23 78 3 0 
23 73 14 0 
23 65 11 0 
23 58 5 0 
23 35 9 0 
24 57 11 0 
25 88 9 0 
25 40 17 0 
25 39 10 0 
26 99 14 0 
26 91 22 0 
26 89 26 0 
26 42 4 0 
27 55 2 0 
27 34 10 0 
28 98 6 0 
28 88 18 0 
29 96 21 0 
29 64 21 0 
29 44 6 0 
29 30 16 0 
30 86 22 0 
30 82 6 0 
30 55 9 0 
30 53 18 0 
30 45 9 0 
31 84 21 0 
31 54 4 0 
31 47 9 0 
31 34 5 0 
32 85 21 0 
32 44 8 0 
33 90 8 0 
33 47 20 0 
33 42 23 0 
33 39 17 0 
34 97 19 0 
34 91 23 0 
34 76 21 0 
34 58 3 0 
34 56 14 0 
36 78 16 0 
37 97 18 0 
37 64 9 0 
37 47 9 0 
38 43 9 0 
38 42 6 0 
39 62 13 0 
40 86 25 0 
40 80 10 0 
41 92 6 0 
41 85 11 0 
41 74 14 0 
41 68 9 0 
41 60 16 0 
42 93 16 0 
42 91 23 0 
42 53 26 0 
42 48 11 0 
43 86 9 0 
43 81 11 0 
43 47 19 0 
44 90 8 0 
44 78 12 0 
46 99 9 0 
46 75 19 0 
46 57 8 0 
46 51 21 0 
47 59 20 0 
47 58 14 0 
47 57 20 0 
48 73 10 0 
48 52 12 0 
49 67 20 0 
49 55 7 0 
50 94 19 0 
50 93 20 0 
50 67 22 0 
52 71 22 0 
53 56 19 0 
53 54 21 0 
54 79 15 0 
54 71 25 0 
54 60 4 0 
55 90 15 0 
56 89 21 0 
56 71 9 0 
57 90 16 0 
57 69 16 0 
58 92 1 0 
58 85 6 0 
58 63 8 0 
58 61 8 0 
59 90 6 0 
59 82 12 0 
59 72 15 0 
60 95 20 0 
60 86 26 0 
61 88 16 0 
61 79 10 0 
62 67 6 0 
63 80 13 0 
63 70 9 0 
63 67 12 0 
64 91 18 0 
64 90 23 0 
64 80 18 0 
67 99 11 0 
67 95 5 0 
67 71 9 0 
68 85 15 0 
68 71 12 0 
69 96 5 0 
70 73 13 0 
71 78 19 0 
73 79 9 0 
73 75 16 0 
74 81 6 0 
77 87 20 0 
77 82 18 0 
79 84 11 0 
81 94 9 0 
83 96 25 0 
83 90 9 0 
90 91 9 0 
93 96 7 0 
