#GRAPH (#nodes #edges id uu vv ww xx yy zz):
#100 394 geo(0,{100,25,3,0.033,0.000,0.000}) 25 
#
VERTICES (index name u v w x y z):
0 0 14 19 
1 1 2 22 
2 2 10 1 
3 3 4 19 
4 4 15 20 
5 5 6 7 
6 6 10 8 
7 7 4 12 
8 8 8 0 
9 9 12 13 
10 10 2 24 
11 11 9 10 
12 12 3 1 
13 13 14 23 
14 14 6 4 
15 15 20 16 
16 16 2 0 
17 17 14 15 
18 18 21 17 
19 19 22 14 
20 20 23 18 
21 21 6 14 
22 22 15 15 
23 23 18 2 
24 24 5 6 
25 25 0 2 
26 26 1 17 
27 27 19 18 
28 28 12 15 
29 29 5 13 
30 30 10 6 
31 31 15 3 
32 32 0 9 
33 33 1 20 
34 34 13 16 
35 35 2 2 
36 36 13 9 
37 37 15 21 
38 38 16 24 
39 39 10 18 
40 40 20 14 
41 41 14 7 
42 42 21 8 
43 43 1 3 
44 44 4 21 
45 45 24 6 
46 46 17 19 
47 47 9 21 
48 48 10 3 
49 49 9 6 
50 50 0 20 
51 51 4 6 
52 52 23 24 
53 53 16 17 
54 54 4 15 
55 55 14 10 
56 56 23 22 
57 57 16 7 
58 58 21 22 
59 59 17 18 
60 60 6 13 
61 61 16 8 
62 62 22 6 
63 63 17 23 
64 64 10 7 
65 65 10 13 
66 66 21 5 
67 67 14 1 
68 68 0 13 
69 69 16 0 
70 70 1 6 
71 71 7 1 
72 72 18 8 
73 73 5 1 
74 74 3 20 
75 75 4 7 
76 76 20 8 
77 77 10 10 
78 78 4 0 
79 79 17 4 
80 80 18 18 
81 81 6 20 
82 82 12 6 
83 83 1 0 
84 84 21 9 
85 85 1 12 
86 86 2 18 
87 87 23 19 
88 88 19 11 
89 89 0 3 
90 90 19 4 
91 91 1 8 
92 92 11 4 
93 93 3 12 
94 94 17 11 
95 95 0 8 
96 96 11 15 
97 97 11 13 
98 98 17 22 
99 99 5 7 
#
EDGES (from-node to-node length a b):
0 84 12 0 
0 75 16 0 
1 92 20 0 
1 9 13 0 
2 99 8 0 
2 57 8 0 
2 4 20 0 
3 73 18 0 
3 70 13 0 
3 4 11 0 
4 97 8 0 
4 91 18 0 
4 83 24 0 
4 51 18 0 
4 46 2 0 
5 97 8 0 
5 84 15 0 
5 53 14 0 
5 14 3 0 
6 96 7 0 
6 94 8 0 
6 85 10 0 
6 52 21 0 
6 46 13 0 
7 49 8 0 
8 82 7 0 
8 67 6 0 
8 63 25 0 
8 17 16 0 
8 15 20 0 
9 97 1 0 
9 82 7 0 
9 70 13 0 
9 62 12 0 
9 51 11 0 
9 48 10 0 
9 31 10 0 
10 91 16 0 
10 71 24 0 
10 60 12 0 
10 29 11 0 
11 81 10 0 
11 33 13 0 
12 97 14 0 
12 49 8 0 
13 68 17 0 
13 49 18 0 
14 90 13 0 
14 88 15 0 
14 39 15 0 
14 37 19 0 
14 35 4 0 
15 88 5 0 
15 57 10 0 
16 92 10 0 
16 60 14 0 
16 32 9 0 
16 31 13 0 
17 67 14 0 
17 26 13 0 
17 23 14 0 
17 21 8 0 
18 90 13 0 
18 77 13 0 
18 46 4 0 
18 36 11 0 
19 94 6 0 
19 45 8 0 
19 28 10 0 
20 78 26 0 
20 71 23 0 
20 55 12 0 
20 37 9 0 
21 42 16 0 
21 31 14 0 
22 74 13 0 
22 43 18 0 
23 99 14 0 
23 87 18 0 
23 64 9 0 
23 53 15 0 
24 51 1 0 
24 37 18 0 
24 32 6 0 
25 97 16 0 
25 80 24 0 
25 43 1 0 
26 81 6 0 
26 58 21 0 
27 46 2 0 
28 95 14 0 
28 85 11 0 
28 82 9 0 
28 63 9 0 
29 82 10 0 
29 81 7 0 
29 79 15 0 
29 62 18 0 
29 61 12 0 
29 52 21 0 
29 35 11 0 
30 57 6 0 
30 36 4 0 
32 64 10 0 
34 47 6 0 
35 80 23 0 
37 96 7 0 
37 94 10 0 
37 53 4 0 
37 47 6 0 
38 76 16 0 
38 52 7 0 
39 68 11 0 
39 45 18 0 
40 95 21 0 
40 49 14 0 
41 96 9 0 
41 43 14 0 
41 42 7 0 
42 77 11 0 
42 65 12 0 
43 91 5 0 
43 85 9 0 
43 62 21 0 
44 98 13 0 
44 87 19 0 
44 80 14 0 
44 64 15 0 
44 45 25 0 
45 92 13 0 
45 58 16 0 
46 97 8 0 
46 79 15 0 
46 75 18 0 
46 61 11 0 
46 56 7 0 
47 94 13 0 
47 61 15 0 
47 56 14 0 
48 86 17 0 
48 82 4 0 
48 64 4 0 
49 96 9 0 
49 77 4 0 
49 71 5 0 
49 64 1 0 
49 58 20 0 
50 89 17 0 
50 79 23 0 
51 59 18 0 
51 58 23 0 
51 57 12 0 
51 55 11 0 
52 72 17 0 
52 70 28 0 
53 78 21 0 
53 67 16 0 
53 63 6 0 
54 87 19 0 
54 84 18 0 
56 84 13 0 
56 68 25 0 
56 67 23 0 
57 84 5 0 
57 65 8 0 
58 79 18 0 
58 62 16 0 
59 76 10 0 
59 63 5 0 
62 99 17 0 
62 81 21 0 
62 70 21 0 
63 96 10 0 
65 89 14 0 
65 68 10 0 
66 95 21 0 
66 77 12 0 
67 97 12 0 
67 69 2 0 
69 93 18 0 
72 96 10 0 
74 90 23 0 
74 88 18 0 
74 76 21 0 
76 97 10 0 
76 95 20 0 
76 92 10 0 
76 84 1 0 
77 96 5 0 
77 91 9 0 
79 97 11 0 
80 99 17 0 
82 97 7 0 
83 99 8 0 
87 97 13 0 
88 99 15 0 
97 98 11 0 
