#GRAPH (#nodes #edges id uu vv ww xx yy zz):
#100 382 geo(0,{100,25,3,0.033,0.000,0.000}) 25 
#
VERTICES (index name u v w x y z):
0 0 22 8 
1 1 17 8 
2 2 12 11 
3 3 0 20 
4 4 18 16 
5 5 9 17 
6 6 18 15 
7 7 16 20 
8 8 13 7 
9 9 11 14 
10 10 11 18 
11 11 3 17 
12 12 22 20 
13 13 17 23 
14 14 24 24 
15 15 15 23 
16 16 15 7 
17 17 2 18 
18 18 5 9 
19 19 20 15 
20 20 16 1 
21 21 15 19 
22 22 19 7 
23 23 12 3 
24 24 14 18 
25 25 24 13 
26 26 21 2 
27 27 1 9 
28 28 18 24 
29 29 10 14 
30 30 9 21 
31 31 9 24 
32 32 13 24 
33 33 6 16 
34 34 23 13 
35 35 17 15 
36 36 15 5 
37 37 2 9 
38 38 0 17 
39 39 21 23 
40 40 0 4 
41 41 23 17 
42 42 4 19 
43 43 9 0 
44 44 20 23 
45 45 15 21 
46 46 24 4 
47 47 16 17 
48 48 7 8 
49 49 2 1 
50 50 24 9 
51 51 12 21 
52 52 7 9 
53 53 15 22 
54 54 24 18 
55 55 15 16 
56 56 8 21 
57 57 16 18 
58 58 0 2 
59 59 8 17 
60 60 5 15 
61 61 9 2 
62 62 15 0 
63 63 2 21 
64 64 14 1 
65 65 24 10 
66 66 20 14 
67 67 7 15 
68 68 8 11 
69 69 16 19 
70 70 5 23 
71 71 8 0 
72 72 17 0 
73 73 13 17 
74 74 18 20 
75 75 22 13 
76 76 7 18 
77 77 8 23 
78 78 19 11 
79 79 0 10 
80 80 21 7 
81 81 6 2 
82 82 21 19 
83 83 6 6 
84 84 2 0 
85 85 8 6 
86 86 9 9 
87 87 13 2 
88 88 14 13 
89 89 23 22 
90 90 14 21 
91 91 23 9 
92 92 4 12 
93 93 13 10 
94 94 7 1 
95 95 23 15 
96 96 10 3 
97 97 11 20 
98 98 16 12 
99 99 20 5 
#
EDGES (from-node to-node length a b):
0 68 14 0 
0 52 15 0 
0 42 21 0 
0 35 9 0 
1 51 14 0 
1 49 17 0 
2 69 9 0 
2 65 12 0 
2 53 11 0 
3 77 9 0 
3 68 12 0 
3 26 28 0 
3 11 4 0 
3 5 9 0 
4 88 5 0 
4 81 18 0 
4 74 4 0 
4 64 16 0 
4 57 3 0 
4 28 8 0 
4 26 14 0 
4 22 9 0 
4 15 8 0 
4 9 7 0 
5 90 6 0 
5 61 15 0 
5 49 17 0 
6 58 22 0 
6 24 5 0 
6 19 2 0 
6 7 5 0 
7 60 12 0 
7 44 5 0 
7 23 17 0 
7 14 9 0 
7 8 13 0 
8 79 13 0 
8 71 9 0 
9 89 14 0 
9 22 11 0 
10 45 5 0 
11 79 8 0 
11 23 17 0 
12 36 17 0 
12 25 7 0 
12 20 20 0 
13 21 4 0 
14 62 26 0 
14 17 23 0 
15 90 2 0 
16 82 13 0 
16 42 16 0 
17 60 4 0 
17 34 22 0 
18 72 15 0 
18 60 6 0 
18 35 13 0 
19 97 10 0 
19 89 8 0 
19 74 5 0 
19 46 12 0 
21 88 6 0 
22 64 8 0 
22 52 12 0 
22 27 18 0 
22 24 12 0 
23 76 16 0 
23 67 13 0 
23 48 7 0 
23 43 4 0 
24 96 16 0 
24 48 12 0 
24 40 20 0 
25 80 7 0 
26 95 13 0 
26 51 21 0 
26 34 11 0 
26 31 25 0 
26 28 22 0 
27 81 9 0 
27 69 18 0 
28 99 19 0 
28 96 22 0 
28 64 23 0 
28 57 6 0 
28 41 9 0 
28 37 22 0 
29 69 8 0 
30 93 12 0 
30 88 9 0 
30 85 15 0 
30 31 3 0 
32 78 14 0 
32 53 3 0 
33 62 18 0 
33 56 5 0 
33 51 8 0 
34 97 14 0 
34 81 20 0 
35 92 13 0 
35 87 14 0 
36 94 9 0 
36 77 19 0 
37 92 4 0 
37 78 17 0 
37 58 7 0 
37 50 22 0 
37 38 8 0 
38 84 17 0 
38 68 10 0 
38 67 7 0 
38 65 25 0 
38 56 9 0 
39 70 16 0 
39 68 18 0 
39 56 13 0 
39 41 6 0 
40 95 25 0 
40 83 6 0 
40 78 20 0 
40 77 21 0 
40 61 9 0 
40 50 25 0 
41 53 9 0 
42 69 12 0 
43 75 18 0 
43 74 22 0 
43 53 23 0 
44 79 24 0 
45 70 10 0 
46 97 21 0 
47 79 17 0 
48 60 7 0 
49 87 11 0 
49 85 8 0 
49 81 4 0 
49 78 20 0 
49 63 20 0 
49 62 13 0 
50 86 15 0 
50 76 19 0 
51 88 8 0 
51 83 16 0 
51 80 17 0 
52 98 9 0 
52 73 10 0 
52 60 6 0 
52 58 10 0 
54 99 14 0 
55 61 15 0 
56 63 6 0 
57 71 20 0 
57 68 11 0 
57 60 11 0 
58 90 24 0 
58 66 23 0 
59 72 19 0 
60 95 18 0 
60 90 11 0 
60 73 8 0 
60 66 15 0 
61 62 6 0 
62 95 17 0 
63 91 24 0 
63 70 4 0 
64 96 4 0 
64 70 24 0 
65 94 19 0 
65 78 5 0 
66 82 5 0 
69 74 2 0 
70 84 23 0 
70 82 16 0 
70 71 23 0 
71 88 14 0 
72 83 13 0 
72 82 19 0 
73 85 12 0 
73 80 13 0 
76 77 5 0 
77 86 14 0 
77 80 21 0 
78 82 8 0 
79 93 13 0 
80 89 15 0 
82 93 12 0 
83 94 5 0 
83 85 2 0 
85 86 3 0 
94 95 21 0 
95 98 8 0 
