#GRAPH (#nodes #edges id uu vv ww xx yy zz):
#100 346 geo(0,{100,25,3,0.033,0.000,0.000}) 25 
#
VERTICES (index name u v w x y z):
0 0 21 9 
1 1 22 9 
2 2 18 8 
3 3 21 17 
4 4 1 20 
5 5 0 1 
6 6 5 17 
7 7 21 12 
8 8 15 10 
9 9 20 12 
10 10 5 23 
11 11 6 18 
12 12 24 0 
13 13 10 8 
14 14 5 20 
15 15 6 11 
16 16 5 8 
17 17 0 8 
18 18 10 12 
19 19 21 8 
20 20 9 23 
21 21 4 1 
22 22 11 0 
23 23 17 23 
24 24 17 4 
25 25 22 7 
26 26 21 1 
27 27 9 20 
28 28 4 17 
29 29 3 10 
30 30 15 1 
31 31 4 14 
32 32 11 18 
33 33 17 2 
34 34 24 7 
35 35 0 13 
36 36 14 23 
37 37 0 18 
38 38 13 5 
39 39 3 24 
40 40 9 19 
41 41 23 15 
42 42 24 3 
43 43 1 8 
44 44 1 16 
45 45 7 11 
46 46 19 5 
47 47 8 0 
48 48 19 1 
49 49 0 15 
50 50 20 23 
51 51 17 7 
52 52 2 9 
53 53 10 10 
54 54 7 7 
55 55 9 15 
56 56 5 5 
57 57 24 21 
58 58 2 24 
59 59 18 9 
60 60 4 16 
61 61 21 0 
62 62 7 24 
63 63 15 12 
64 64 6 10 
65 65 8 7 
66 66 16 24 
67 67 24 14 
68 68 11 21 
69 69 14 20 
70 70 7 23 
71 71 17 6 
72 72 17 13 
73 73 9 16 
74 74 9 2 
75 75 14 2 
76 76 7 15 
77 77 22 0 
78 78 4 10 
79 79 4 9 
80 80 5 9 
81 81 20 24 
82 82 6 13 
83 83 9 10 
84 84 4 2 
85 85 14 13 
86 86 18 0 
87 87 16 7 
88 88 18 6 
89 89 11 13 
90 90 2 16 
91 91 20 21 
92 92 14 7 
93 93 18 14 
94 94 3 18 
95 95 20 0 
96 96 19 3 
97 97 4 4 
98 98 19 0 
99 99 19 18 
#
EDGES (from-node to-node length a b):
0 92 7 0 
0 85 8 0 
0 65 13 0 
0 59 3 0 
0 31 18 0 
1 67 5 0 
1 58 25 0 
1 54 15 0 
1 53 12 0 
1 48 9 0 
1 44 22 0 
1 7 3 0 
2 86 8 0 
2 78 14 0 
2 70 19 0 
2 52 16 0 
3 85 8 0 
3 67 4 0 
3 63 8 0 
4 93 18 0 
4 91 19 0 
4 81 19 0 
4 69 13 0 
4 45 11 0 
4 16 13 0 
5 82 13 0 
5 70 23 0 
6 86 21 0 
6 80 8 0 
6 13 10 0 
6 9 16 0 
7 83 12 0 
7 58 22 0 
7 26 11 0 
8 90 14 0 
8 18 5 0 
8 17 15 0 
9 84 19 0 
9 16 16 0 
10 89 12 0 
10 79 14 0 
10 69 9 0 
10 27 5 0 
10 12 30 0 
11 82 5 0 
11 50 15 0 
12 65 17 0 
12 55 21 0 
12 53 17 0 
13 92 4 0 
13 84 8 0 
13 82 6 0 
13 47 8 0 
13 41 15 0 
13 38 4 0 
13 14 13 0 
14 84 18 0 
15 80 2 0 
15 52 4 0 
15 36 14 0 
16 92 9 0 
16 87 11 0 
16 62 16 0 
17 44 8 0 
17 27 15 0 
18 84 12 0 
19 75 9 0 
19 49 22 0 
19 37 23 0 
20 26 25 0 
21 99 23 0 
21 57 28 0 
21 29 9 0 
22 92 8 0 
23 94 15 0 
23 78 18 0 
23 34 17 0 
23 30 22 0 
24 95 5 0 
25 87 6 0 
25 83 13 0 
25 70 22 0 
26 75 7 0 
27 99 10 0 
27 83 10 0 
27 58 8 0 
27 29 12 0 
28 96 21 0 
28 37 4 0 
29 98 19 0 
29 93 16 0 
29 80 2 0 
30 54 10 0 
31 96 19 0 
31 89 7 0 
31 75 16 0 
32 99 8 0 
32 56 14 0 
33 77 5 0 
33 37 23 0 
34 68 19 0 
34 55 17 0 
34 53 14 0 
34 51 7 0 
35 98 23 0 
37 97 15 0 
39 91 17 0 
39 55 11 0 
39 41 22 0 
40 63 9 0 
40 50 12 0 
40 43 14 0 
40 41 15 0 
41 95 15 0 
41 94 20 0 
42 76 21 0 
43 76 9 0 
43 66 22 0 
43 55 11 0 
43 47 11 0 
44 68 11 0 
44 46 21 0 
44 45 8 0 
45 71 11 0 
45 47 11 0 
46 76 16 0 
47 83 10 0 
47 79 10 0 
47 74 2 0 
47 61 13 0 
48 52 19 0 
48 50 22 0 
49 93 18 0 
49 83 10 0 
50 79 21 0 
51 79 13 0 
51 70 19 0 
51 62 20 0 
52 64 4 0 
52 56 5 0 
54 75 9 0 
54 65 1 0 
56 98 15 0 
56 89 10 0 
58 98 29 0 
59 93 5 0 
60 67 20 0 
61 64 18 0 
62 99 13 0 
62 72 15 0 
63 89 4 0 
63 78 11 0 
63 75 10 0 
64 84 8 0 
65 96 12 0 
65 87 8 0 
65 83 3 0 
66 97 23 0 
67 97 22 0 
67 73 15 0 
68 83 11 0 
69 74 19 0 
70 87 18 0 
73 88 13 0 
75 90 18 0 
77 86 4 0 
79 96 16 0 
79 91 20 0 
82 90 5 0 
82 87 12 0 
83 99 13 0 
90 97 12 0 
96 98 3 0 
