#GRAPH (#nodes #edges id uu vv ww xx yy zz):
#100 358 geo(0,{100,25,3,0.033,0.000,0.000}) 25 
#
VERTICES (index name u v w x y z):
0 0 18 18 
1 1 14 1 
2 2 11 7 
3 3 18 22 
4 4 5 3 
5 5 0 6 
6 6 17 21 
7 7 15 12 
8 8 14 15 
9 9 2 0 
10 10 7 15 
11 11 10 22 
12 12 2 4 
13 13 22 5 
14 14 18 15 
15 15 24 11 
16 16 23 16 
17 17 10 15 
18 18 14 11 
19 19 14 17 
20 20 9 13 
21 21 0 9 
22 22 21 8 
23 23 18 7 
24 24 20 7 
25 25 18 2 
26 26 3 15 
27 27 15 21 
28 28 23 11 
29 29 12 23 
30 30 7 13 
31 31 24 23 
32 32 8 3 
33 33 23 1 
34 34 6 3 
35 35 23 23 
36 36 23 5 
37 37 17 7 
38 38 4 21 
39 39 10 5 
40 40 10 7 
41 41 19 12 
42 42 19 17 
43 43 22 15 
44 44 4 11 
45 45 15 1 
46 46 19 2 
47 47 17 3 
48 48 3 18 
49 49 18 13 
50 50 3 17 
51 51 15 11 
52 52 22 16 
53 53 21 0 
54 54 14 19 
55 55 8 19 
56 56 12 13 
57 57 20 2 
58 58 1 21 
59 59 12 12 
60 60 0 4 
61 61 24 9 
62 62 0 17 
63 63 15 10 
64 64 7 11 
65 65 11 9 
66 66 3 6 
67 67 2 2 
68 68 12 19 
69 69 3 19 
70 70 24 12 
71 71 3 0 
72 72 12 20 
73 73 13 23 
74 74 23 6 
75 75 7 1 
76 76 6 10 
77 77 11 13 
78 78 19 1 
79 79 2 17 
80 80 10 18 
81 81 4 19 
82 82 3 12 
83 83 5 2 
84 84 23 20 
85 85 4 20 
86 86 21 9 
87 87 0 5 
88 88 8 22 
89 89 11 1 
90 90 15 6 
91 91 17 18 
92 92 22 22 
93 93 11 5 
94 94 11 23 
95 95 18 24 
96 96 19 4 
97 97 21 6 
98 98 8 14 
99 99 5 23 
#
EDGES (from-node to-node length a b):
0 44 16 0 
0 29 8 0 
1 79 20 0 
1 66 12 0 
2 4 7 0 
3 43 8 0 
3 39 19 0 
3 9 27 0 
4 33 18 0 
5 73 21 0 
5 72 18 0 
5 30 10 0 
5 25 18 0 
5 9 6 0 
6 65 13 0 
6 58 16 0 
6 34 21 0 
6 26 15 0 
6 10 12 0 
7 84 11 0 
7 53 13 0 
7 50 13 0 
7 28 8 0 
8 48 11 0 
8 41 6 0 
8 16 9 0 
9 68 21 0 
9 50 17 0 
9 46 17 0 
9 30 14 0 
9 13 21 0 
10 91 10 0 
10 32 12 0 
10 23 14 0 
11 60 21 0 
11 18 12 0 
12 98 12 0 
12 73 22 0 
12 61 23 0 
12 53 19 0 
12 37 15 0 
12 36 21 0 
14 88 12 0 
14 48 15 0 
14 38 15 0 
14 34 17 0 
14 29 10 0 
14 15 7 0 
15 24 6 0 
16 41 6 0 
16 26 20 0 
17 75 14 0 
17 59 4 0 
17 54 6 0 
17 53 19 0 
18 22 8 0 
19 73 6 0 
19 57 16 0 
19 49 6 0 
19 26 11 0 
20 99 11 0 
20 97 14 0 
20 90 9 0 
20 72 8 0 
20 68 7 0 
20 53 18 0 
21 79 8 0 
21 74 23 0 
21 73 19 0 
21 72 16 0 
22 27 14 0 
23 74 5 0 
23 73 17 0 
24 84 13 0 
24 74 3 0 
24 72 15 0 
25 87 18 0 
25 85 23 0 
25 55 20 0 
25 34 12 0 
26 42 16 0 
28 71 23 0 
28 42 7 0 
28 38 21 0 
28 36 6 0 
29 75 23 0 
29 74 20 0 
30 80 6 0 
30 42 13 0 
31 65 19 0 
31 50 22 0 
31 33 22 0 
32 70 18 0 
33 72 22 0 
33 51 13 0 
33 36 4 0 
34 98 11 0 
34 85 17 0 
34 57 14 0 
35 69 20 0 
36 97 2 0 
37 73 16 0 
37 47 4 0 
38 80 7 0 
38 42 16 0 
39 97 11 0 
39 96 9 0 
39 48 15 0 
40 89 6 0 
40 72 13 0 
40 68 12 0 
42 89 18 0 
42 77 9 0 
42 52 3 0 
42 50 16 0 
42 47 14 0 
42 43 4 0 
43 98 14 0 
43 87 24 0 
43 70 4 0 
43 46 13 0 
45 95 23 0 
45 77 13 0 
45 76 13 0 
46 56 13 0 
47 63 7 0 
47 52 14 0 
48 93 15 0 
48 92 19 0 
48 74 23 0 
48 62 3 0 
48 52 19 0 
49 99 16 0 
49 98 10 0 
49 62 18 0 
50 99 6 0 
50 86 20 0 
52 92 6 0 
53 96 4 0 
53 80 21 0 
55 78 21 0 
57 97 4 0 
57 63 9 0 
59 97 11 0 
59 85 11 0 
59 70 12 0 
60 91 22 0 
60 77 14 0 
61 83 20 0 
62 78 25 0 
63 83 13 0 
64 83 9 0 
65 95 17 0 
66 87 3 0 
67 81 17 0 
67 69 17 0 
68 90 13 0 
70 72 14 0 
71 96 16 0 
72 82 12 0 
72 81 8 0 
72 80 3 0 
73 92 9 0 
78 86 8 0 
80 95 10 0 
81 99 4 0 
81 98 6 0 
83 87 6 0 
84 94 12 0 
84 88 15 0 
85 98 7 0 
86 94 17 0 
88 96 21 0 
89 94 22 0 
91 96 14 0 
91 94 8 0 
93 99 19 0 
94 98 9 0 
95 97 18 0 
