#GRAPH (#nodes #edges id uu vv ww xx yy zz):
#150 556 geo(0,{150,25,3,0.025,0.000,0.000}) 25 
#
VERTICES (index name u v w x y z):
0 0 2 24 
1 1 21 5 
2 2 11 1 
3 3 7 10 
4 4 11 3 
5 5 5 14 
6 6 4 12 
7 7 12 17 
8 8 8 3 
9 9 6 12 
10 10 0 9 
11 11 24 20 
12 12 13 1 
13 13 5 4 
14 14 10 8 
15 15 11 2 
16 16 11 11 
17 17 14 2 
18 18 23 24 
19 19 19 1 
20 20 3 9 
21 21 16 21 
22 22 8 16 
23 23 5 0 
24 24 18 20 
25 25 24 3 
26 26 22 18 
27 27 2 15 
28 28 21 4 
29 29 23 10 
30 30 21 21 
31 31 0 16 
32 32 6 6 
33 33 24 22 
34 34 18 3 
35 35 6 16 
36 36 17 24 
37 37 15 15 
38 38 22 16 
39 39 7 14 
40 40 9 19 
41 41 12 11 
42 42 3 22 
43 43 0 0 
44 44 14 14 
45 45 13 8 
46 46 13 13 
47 47 0 14 
48 48 20 21 
49 49 24 17 
50 50 13 23 
51 51 8 17 
52 52 17 13 
53 53 10 14 
54 54 0 2 
55 55 8 23 
56 56 3 17 
57 57 23 19 
58 58 18 10 
59 59 6 1 
60 60 17 15 
61 61 20 2 
62 62 22 8 
63 63 4 14 
64 64 15 20 
65 65 14 5 
66 66 4 20 
67 67 20 13 
68 68 22 13 
69 69 10 10 
70 70 10 18 
71 71 12 21 
72 72 19 22 
73 73 8 20 
74 74 2 17 
75 75 23 15 
76 76 4 3 
77 77 5 24 
78 78 9 1 
79 79 17 23 
80 80 23 1 
81 81 1 7 
82 82 10 4 
83 83 11 4 
84 84 13 21 
85 85 0 8 
86 86 22 22 
87 87 11 6 
88 88 18 14 
89 89 9 10 
90 90 0 7 
91 91 17 10 
92 92 19 9 
93 93 4 24 
94 94 16 8 
95 95 12 12 
96 96 11 7 
97 97 1 9 
98 98 18 23 
99 99 24 15 
100 100 11 8 
101 101 11 21 
102 102 12 10 
103 103 6 11 
104 104 2 4 
105 105 7 5 
106 106 17 18 
107 107 7 4 
108 108 7 11 
109 109 12 3 
110 110 24 1 
111 111 15 8 
112 112 8 2 
113 113 14 6 
114 114 2 19 
115 115 21 15 
116 116 8 8 
117 117 7 9 
118 118 2 8 
119 119 1 0 
120 120 4 5 
121 121 21 17 
122 122 3 23 
123 123 6 5 
124 124 17 19 
125 125 9 18 
126 126 12 22 
127 127 0 24 
128 128 15 3 
129 129 12 18 
130 130 5 21 
131 131 18 7 
132 132 21 19 
133 133 4 7 
134 134 7 2 
135 135 15 0 
136 136 1 10 
137 137 5 1 
138 138 22 2 
139 139 22 19 
140 140 3 3 
141 141 6 2 
142 142 1 15 
143 143 11 24 
144 144 6 18 
145 145 2 20 
146 146 10 0 
147 147 16 18 
148 148 18 22 
149 149 3 2 
#
EDGES (from-node to-node length a b):
0 113 22 0 
0 109 23 0 
0 64 14 0 
1 101 19 0 
1 86 17 0 
1 52 9 0 
2 141 5 0 
2 109 2 0 
3 97 6 0 
3 95 5 0 
4 123 5 0 
4 86 22 0 
4 81 11 0 
4 79 21 0 
4 73 17 0 
5 110 23 0 
6 61 19 0 
7 30 10 0 
8 135 8 0 
8 129 16 0 
8 70 15 0 
8 47 14 0 
8 29 17 0 
9 130 9 0 
9 92 13 0 
9 27 5 0 
10 124 20 0 
10 51 11 0 
10 35 9 0 
11 112 24 0 
11 83 21 0 
11 46 13 0 
11 30 3 0 
12 115 16 0 
12 52 13 0 
13 144 14 0 
13 42 18 0 
13 29 19 0 
13 28 16 0 
13 22 12 0 
14 138 13 0 
14 117 3 0 
14 74 12 0 
14 58 8 0 
15 144 17 0 
15 91 10 0 
15 67 14 0 
15 66 19 0 
15 61 9 0 
16 44 4 0 
16 40 8 0 
16 30 14 0 
17 136 15 0 
17 120 10 0 
17 103 12 0 
17 77 24 0 
18 81 28 0 
18 48 4 0 
18 29 14 0 
19 85 20 0 
19 54 19 0 
19 53 16 0 
20 22 9 0 
21 126 4 0 
21 68 10 0 
21 63 14 0 
22 37 7 0 
22 26 14 0 
23 128 10 0 
23 47 15 0 
23 26 25 0 
24 53 10 0 
25 57 16 0 
26 148 6 0 
26 102 13 0 
26 61 16 0 
26 52 7 0 
26 41 12 0 
26 34 16 0 
27 88 16 0 
27 76 12 0 
27 72 18 0 
27 38 20 0 
28 71 19 0 
28 55 23 0 
29 144 19 0 
29 142 23 0 
29 94 7 0 
29 84 15 0 
29 66 21 0 
30 95 13 0 
30 59 25 0 
31 113 17 0 
31 70 10 0 
31 57 23 0 
31 51 8 0 
31 49 24 0 
32 120 2 0 
32 111 9 0 
32 105 1 0 
32 101 16 0 
32 67 16 0 
32 50 18 0 
33 138 20 0 
33 137 28 0 
33 110 21 0 
33 63 22 0 
33 48 4 0 
34 112 10 0 
34 110 6 0 
35 124 11 0 
35 95 7 0 
35 73 4 0 
36 143 6 0 
36 134 24 0 
36 74 17 0 
36 61 22 0 
36 55 9 0 
36 38 9 0 
37 142 14 0 
37 131 9 0 
37 50 8 0 
38 143 14 0 
38 129 10 0 
38 122 20 0 
39 131 13 0 
39 119 15 0 
39 111 10 0 
39 110 21 0 
39 71 9 0 
39 64 10 0 
39 43 16 0 
41 84 10 0 
41 68 10 0 
42 137 21 0 
42 116 15 0 
42 85 14 0 
42 57 20 0 
43 128 15 0 
43 90 7 0 
43 87 13 0 
43 64 25 0 
43 54 2 0 
44 119 19 0 
45 104 12 0 
45 103 8 0 
45 81 12 0 
46 108 6 0 
47 143 15 0 
48 114 18 0 
48 107 21 0 
48 49 6 0 
49 137 25 0 
49 63 20 0 
50 146 23 0 
50 117 15 0 
50 99 14 0 
50 80 24 0 
51 131 14 0 
51 110 23 0 
51 69 7 0 
52 86 10 0 
52 84 9 0 
53 112 12 0 
53 105 9 0 
53 64 8 0 
54 122 21 0 
54 101 22 0 
55 95 12 0 
55 72 11 0 
56 125 6 0 
56 110 26 0 
56 104 13 0 
56 77 7 0 
57 145 21 0 
57 62 11 0 
60 105 14 0 
60 99 7 0 
60 86 9 0 
60 66 14 0 
61 108 16 0 
61 83 9 0 
62 89 13 0 
63 135 18 0 
63 90 8 0 
64 143 6 0 
64 121 7 0 
64 102 10 0 
65 130 18 0 
65 78 6 0 
66 133 13 0 
66 106 13 0 
66 87 16 0 
66 79 13 0 
67 89 11 0 
67 77 19 0 
68 122 21 0 
68 111 9 0 
68 95 10 0 
69 136 9 0 
70 121 11 0 
70 102 8 0 
71 72 7 0 
72 132 4 0 
73 92 16 0 
74 139 20 0 
74 127 7 0 
74 121 19 0 
74 81 10 0 
75 125 14 0 
75 77 20 0 
76 147 19 0 
76 115 21 0 
78 106 19 0 
79 113 17 0 
80 101 23 0 
81 92 18 0 
81 82 9 0 
82 131 9 0 
82 126 18 0 
82 121 17 0 
82 119 10 0 
84 115 10 0 
84 111 13 0 
85 94 16 0 
85 88 19 0 
86 126 10 0 
86 106 6 0 
86 98 4 0 
88 118 17 0 
88 115 3 0 
88 89 10 0 
89 137 10 0 
89 113 6 0 
90 147 19 0 
90 140 5 0 
90 114 12 0 
90 101 18 0 
91 115 6 0 
92 136 18 0 
92 120 16 0 
93 143 7 0 
94 137 13 0 
95 122 14 0 
96 119 12 0 
96 111 4 0 
96 107 5 0 
97 102 11 0 
98 114 16 0 
100 136 10 0 
100 105 5 0 
100 101 13 0 
101 149 21 0 
103 106 13 0 
104 127 20 0 
105 115 17 0 
107 149 4 0 
107 135 9 0 
109 149 9 0 
110 137 19 0 
110 113 11 0 
111 131 3 0 
111 123 9 0 
112 122 22 0 
113 124 13 0 
114 129 10 0 
114 118 11 0 
114 115 19 0 
117 148 17 0 
123 148 21 0 
124 143 8 0 
126 139 10 0 
126 129 4 0 
127 132 22 0 
128 142 18 0 
129 134 17 0 
139 143 12 0 
141 146 4 0 
