#GRAPH (#nodes #edges id uu vv ww xx yy zz):
#150 540 geo(0,{150,25,3,0.025,0.000,0.000}) 25 
#
VERTICES (index name u v w x y z):
0 0 9 24 
1 1 15 6 
2 2 12 1 
3 3 8 21 
4 4 4 1 
5 5 4 14 
6 6 18 14 
7 7 3 21 
8 8 23 6 
9 9 13 7 
10 10 10 10 
11 11 14 7 
12 12 0 18 
13 13 2 14 
14 14 15 10 
15 15 7 12 
16 16 4 8 
17 17 22 5 
18 18 21 15 
19 19 19 20 
20 20 5 10 
21 21 1 11 
22 22 17 24 
23 23 21 9 
24 24 9 8 
25 25 19 17 
26 26 7 8 
27 27 20 23 
28 28 23 13 
29 29 6 6 
30 30 9 4 
31 31 24 7 
32 32 19 16 
33 33 21 2 
34 34 1 9 
35 35 14 14 
36 36 21 22 
37 37 9 18 
38 38 18 19 
39 39 14 24 
40 40 20 15 
41 41 7 0 
42 42 16 24 
43 43 2 12 
44 44 18 3 
45 45 19 0 
46 46 9 3 
47 47 20 12 
48 48 5 20 
49 49 17 13 
50 50 23 3 
51 51 11 7 
52 52 21 19 
53 53 22 20 
54 54 0 16 
55 55 8 14 
56 56 19 8 
57 57 9 7 
58 58 16 22 
59 59 21 12 
60 60 0 22 
61 61 15 21 
62 62 23 4 
63 63 19 9 
64 64 14 15 
65 65 2 13 
66 66 19 1 
67 67 17 4 
68 68 22 13 
69 69 18 7 
70 70 5 0 
71 71 5 17 
72 72 22 0 
73 73 22 17 
74 74 21 23 
75 75 15 1 
76 76 5 19 
77 77 23 1 
78 78 1 3 
79 79 4 24 
80 80 19 18 
81 81 5 8 
82 82 19 7 
83 83 16 16 
84 84 16 17 
85 85 6 3 
86 86 16 23 
87 87 12 23 
88 88 6 8 
89 89 2 10 
90 90 12 18 
91 91 24 5 
92 92 15 11 
93 93 12 2 
94 94 14 0 
95 95 6 2 
96 96 6 20 
97 97 6 15 
98 98 21 7 
99 99 11 17 
100 100 1 1 
101 101 0 12 
102 102 12 11 
103 103 24 16 
104 104 3 18 
105 105 4 21 
106 106 9 12 
107 107 10 6 
108 108 24 8 
109 109 2 15 
110 110 24 19 
111 111 7 20 
112 112 16 14 
113 113 3 9 
114 114 23 7 
115 115 6 10 
116 116 2 23 
117 117 1 24 
118 118 22 16 
119 119 7 4 
120 120 1 16 
121 121 14 11 
122 122 5 1 
123 123 18 15 
124 124 7 14 
125 125 19 21 
126 126 0 14 
127 127 13 13 
128 128 22 12 
129 129 4 19 
130 130 24 2 
131 131 12 3 
132 132 19 19 
133 133 18 17 
134 134 17 3 
135 135 6 1 
136 136 12 24 
137 137 10 9 
138 138 10 18 
139 139 8 2 
140 140 14 16 
141 141 15 24 
142 142 21 10 
143 143 20 0 
144 144 6 4 
145 145 20 13 
146 146 5 14 
147 147 23 24 
148 148 6 18 
149 149 16 6 
#
EDGES (from-node to-node length a b):
0 137 15 0 
0 105 6 0 
0 86 7 0 
1 85 9 0 
1 57 6 0 
1 33 7 0 
1 4 12 0 
1 3 17 0 
2 117 25 0 
2 109 17 0 
2 36 23 0 
2 8 12 0 
3 135 20 0 
3 115 11 0 
3 99 5 0 
3 76 4 0 
3 22 9 0 
4 135 2 0 
4 73 24 0 
4 33 17 0 
5 92 11 0 
5 82 17 0 
5 77 23 0 
5 51 10 0 
5 22 16 0 
6 143 14 0 
6 98 8 0 
6 27 9 0 
6 14 5 0 
7 145 19 0 
7 137 14 0 
7 101 9 0 
7 98 23 0 
7 38 15 0 
7 34 12 0 
8 149 7 0 
8 145 8 0 
8 120 24 0 
8 94 11 0 
8 88 17 0 
8 63 5 0 
8 54 25 0 
8 16 19 0 
8 9 10 0 
9 133 11 0 
9 109 14 0 
9 87 16 0 
9 74 18 0 
9 69 5 0 
9 37 12 0 
9 28 12 0 
10 130 16 0 
10 111 10 0 
10 67 9 0 
10 50 15 0 
11 123 9 0 
12 61 15 0 
13 128 20 0 
13 103 22 0 
14 149 4 0 
14 104 14 0 
14 53 12 0 
14 40 7 0 
14 34 14 0 
15 61 12 0 
15 53 17 0 
15 17 17 0 
16 98 17 0 
16 80 18 0 
16 79 16 0 
16 58 18 0 
16 32 17 0 
17 95 16 0 
17 47 7 0 
18 142 5 0 
18 60 22 0 
19 137 14 0 
19 40 5 0 
20 142 16 0 
20 35 10 0 
21 144 9 0 
21 47 19 0 
21 24 9 0 
22 88 19 0 
22 73 9 0 
22 59 13 0 
22 52 6 0 
23 92 6 0 
23 91 5 0 
23 38 10 0 
24 146 7 0 
24 110 19 0 
24 93 7 0 
24 88 3 0 
24 42 17 0 
24 25 13 0 
25 114 11 0 
26 94 11 0 
26 78 8 0 
26 65 7 0 
26 28 17 0 
27 105 16 0 
27 91 18 0 
27 52 4 0 
28 123 5 0 
28 57 15 0 
29 142 16 0 
30 104 15 0 
30 53 21 0 
30 52 19 0 
31 128 5 0 
31 118 9 0 
31 53 13 0 
32 141 9 0 
32 93 16 0 
32 86 8 0 
32 44 13 0 
32 41 20 0 
33 107 12 0 
34 113 2 0 
34 112 16 0 
34 83 17 0 
35 141 10 0 
35 120 13 0 
35 107 9 0 
36 143 22 0 
36 133 6 0 
36 132 4 0 
36 112 9 0 
37 129 5 0 
37 102 8 0 
37 87 6 0 
37 70 18 0 
37 49 9 0 
38 139 20 0 
38 123 4 0 
38 73 4 0 
39 130 24 0 
39 128 14 0 
39 116 12 0 
39 46 22 0 
40 129 16 0 
40 111 14 0 
40 101 20 0 
40 97 14 0 
40 86 9 0 
40 45 15 0 
41 128 19 0 
41 112 17 0 
41 88 8 0 
42 139 23 0 
42 132 6 0 
42 108 18 0 
43 140 13 0 
43 133 17 0 
43 124 5 0 
44 148 19 0 
44 57 10 0 
45 131 8 0 
46 95 3 0 
47 107 12 0 
47 68 2 0 
48 149 18 0 
48 66 24 0 
50 134 6 0 
50 132 16 0 
50 108 5 0 
50 55 19 0 
50 53 17 0 
51 145 11 0 
51 76 13 0 
51 53 17 0 
53 127 11 0 
53 123 6 0 
54 97 6 0 
54 83 16 0 
54 78 13 0 
54 77 27 0 
55 148 4 0 
56 113 16 0 
57 121 6 0 
57 63 10 0 
58 136 4 0 
58 59 11 0 
59 142 2 0 
59 105 19 0 
59 98 5 0 
59 76 17 0 
60 113 13 0 
60 107 19 0 
61 69 14 0 
62 145 9 0 
63 113 16 0 
64 82 9 0 
64 72 17 0 
65 139 13 0 
65 118 20 0 
65 99 10 0 
66 144 13 0 
66 81 16 0 
67 136 21 0 
69 138 14 0 
69 95 13 0 
71 106 6 0 
71 83 11 0 
71 82 17 0 
72 114 7 0 
72 112 15 0 
72 79 30 0 
73 125 5 0 
74 96 15 0 
75 130 9 0 
75 109 19 0 
76 85 16 0 
77 110 18 0 
78 145 21 0 
78 132 24 0 
78 123 21 0 
78 109 12 0 
78 99 17 0 
78 83 20 0 
79 81 16 0 
80 135 21 0 
80 123 3 0 
83 118 6 0 
84 105 13 0 
84 100 22 0 
86 143 23 0 
86 137 15 0 
86 130 22 0 
87 92 12 0 
89 133 17 0 
89 126 4 0 
89 107 9 0 
90 92 8 0 
91 97 21 0 
92 125 11 0 
93 146 14 0 
93 104 18 0 
94 122 9 0 
98 133 10 0 
99 112 6 0 
102 123 7 0 
103 143 16 0 
104 143 25 0 
107 148 13 0 
107 147 22 0 
110 148 18 0 
110 132 5 0 
112 133 4 0 
112 118 6 0 
113 146 5 0 
114 122 19 0 
115 141 17 0 
119 136 21 0 
119 125 21 0 
123 145 3 0 
123 144 16 0 
123 135 18 0 
123 131 13 0 
125 139 22 0 
127 145 7 0 
127 144 11 0 
127 128 9 0 
128 145 2 0 
128 136 16 0 
130 139 16 0 
132 147 6 0 
138 147 14 0 
141 142 15 0 
