#GRAPH (#nodes #edges id uu vv ww xx yy zz):
#150 676 geo(0,{150,25,3,0.025,0.000,0.000}) 25 
#
VERTICES (index name u v w x y z):
0 0 11 19 
1 1 14 4 
2 2 10 13 
3 3 0 1 
4 4 12 8 
5 5 5 5 
6 6 2 18 
7 7 0 11 
8 8 9 8 
9 9 5 16 
10 10 23 8 
11 11 2 11 
12 12 5 21 
13 13 21 2 
14 14 12 7 
15 15 8 6 
16 16 15 9 
17 17 18 22 
18 18 22 12 
19 19 6 0 
20 20 10 2 
21 21 23 6 
22 22 18 10 
23 23 11 9 
24 24 6 16 
25 25 21 1 
26 26 4 19 
27 27 20 3 
28 28 17 14 
29 29 10 9 
30 30 23 5 
31 31 24 21 
32 32 5 22 
33 33 12 3 
34 34 17 4 
35 35 12 16 
36 36 16 15 
37 37 8 24 
38 38 19 24 
39 39 9 15 
40 40 5 8 
41 41 13 16 
42 42 15 24 
43 43 6 21 
44 44 16 10 
45 45 0 6 
46 46 15 13 
47 47 21 14 
48 48 0 13 
49 49 2 13 
50 50 16 13 
51 51 12 19 
52 52 15 7 
53 53 23 19 
54 54 16 8 
55 55 20 14 
56 56 20 16 
57 57 2 15 
58 58 6 5 
59 59 21 22 
60 60 3 8 
61 61 20 8 
62 62 24 15 
63 63 20 4 
64 64 3 23 
65 65 24 0 
66 66 7 8 
67 67 15 19 
68 68 7 21 
69 69 3 13 
70 70 11 8 
71 71 18 0 
72 72 0 4 
73 73 16 11 
74 74 20 24 
75 75 23 16 
76 76 14 8 
77 77 18 4 
78 78 24 19 
79 79 10 6 
80 80 3 15 
81 81 15 23 
82 82 13 6 
83 83 8 10 
84 84 23 21 
85 85 24 16 
86 86 12 12 
87 87 13 8 
88 88 12 22 
89 89 5 20 
90 90 8 5 
91 91 1 18 
92 92 12 18 
93 93 1 19 
94 94 8 12 
95 95 4 20 
96 96 8 2 
97 97 3 20 
98 98 11 0 
99 99 24 18 
100 100 5 18 
101 101 6 3 
102 102 22 23 
103 103 19 17 
104 104 8 9 
105 105 9 5 
106 106 17 3 
107 107 20 10 
108 108 3 5 
109 109 13 21 
110 110 9 21 
111 111 21 23 
112 112 19 21 
113 113 14 3 
114 114 8 20 
115 115 11 1 
116 116 11 21 
117 117 13 1 
118 118 9 11 
119 119 14 10 
120 120 1 7 
121 121 22 15 
122 122 15 17 
123 123 10 16 
124 124 0 9 
125 125 0 21 
126 126 21 9 
127 127 18 24 
128 128 15 8 
129 129 20 23 
130 130 13 11 
131 131 2 6 
132 132 24 11 
133 133 14 19 
134 134 0 18 
135 135 16 22 
136 136 7 16 
137 137 10 0 
138 138 13 12 
139 139 13 5 
140 140 17 2 
141 141 17 9 
142 142 16 21 
143 143 18 13 
144 144 4 1 
145 145 5 17 
146 146 17 24 
147 147 11 18 
148 148 20 1 
149 149 19 20 
#
EDGES (from-node to-node length a b):
0 143 9 0 
0 127 9 0 
0 100 6 0 
0 42 6 0 
0 28 8 0 
0 27 18 0 
0 16 11 0 
1 148 7 0 
1 144 10 0 
1 77 4 0 
1 74 21 0 
1 53 17 0 
1 48 17 0 
2 147 5 0 
2 129 14 0 
2 90 8 0 
2 69 7 0 
3 149 27 0 
3 135 26 0 
3 132 26 0 
3 129 30 0 
3 111 30 0 
3 83 12 0 
3 66 10 0 
3 57 14 0 
3 47 25 0 
3 45 5 0 
3 36 21 0 
3 15 9 0 
4 56 11 0 
4 16 3 0 
5 146 22 0 
5 141 13 0 
5 69 8 0 
5 29 6 0 
5 11 7 0 
6 134 2 0 
6 121 20 0 
6 103 17 0 
6 85 22 0 
6 76 16 0 
6 43 5 0 
6 31 22 0 
6 26 2 0 
6 20 18 0 
6 13 25 0 
7 104 8 0 
7 75 24 0 
7 26 9 0 
7 24 8 0 
8 116 13 0 
8 106 9 0 
8 77 10 0 
8 73 8 0 
8 54 7 0 
8 52 6 0 
9 118 6 0 
9 44 13 0 
9 31 20 0 
10 149 13 0 
10 145 20 0 
10 91 24 0 
10 79 13 0 
10 47 6 0 
10 23 12 0 
11 127 21 0 
11 119 12 0 
11 86 10 0 
11 83 6 0 
11 62 22 0 
11 60 3 0 
11 34 17 0 
11 25 21 0 
12 149 14 0 
12 135 11 0 
12 119 14 0 
12 31 19 0 
12 16 16 0 
13 127 22 0 
13 101 15 0 
13 58 15 0 
13 44 9 0 
14 146 18 0 
14 106 6 0 
15 144 6 0 
15 105 1 0 
16 134 17 0 
16 97 16 0 
16 90 8 0 
16 57 14 0 
16 19 13 0 
16 18 8 0 
17 126 13 0 
17 105 19 0 
17 97 15 0 
17 72 25 0 
17 48 20 0 
17 45 24 0 
17 26 14 0 
17 24 13 0 
18 137 17 0 
18 135 12 0 
18 116 14 0 
18 98 16 0 
18 60 19 0 
18 54 7 0 
18 41 10 0 
19 118 11 0 
19 117 7 0 
19 105 6 0 
19 92 19 0 
20 139 4 0 
20 99 21 0 
20 97 19 0 
20 96 2 0 
20 85 20 0 
20 56 17 0 
21 148 6 0 
21 138 12 0 
21 131 21 0 
21 22 6 0 
22 115 11 0 
22 106 7 0 
22 49 16 0 
23 125 16 0 
23 124 11 0 
23 30 13 0 
24 129 16 0 
24 123 4 0 
24 116 7 0 
24 115 16 0 
24 88 8 0 
24 75 17 0 
25 130 13 0 
25 115 10 0 
25 102 22 0 
25 72 21 0 
25 71 3 0 
25 59 21 0 
25 47 13 0 
26 111 17 0 
26 97 1 0 
26 87 14 0 
26 85 20 0 
26 45 14 0 
26 40 11 0 
26 32 3 0 
26 27 23 0 
27 140 3 0 
27 106 3 0 
27 77 2 0 
27 37 24 0 
28 139 10 0 
28 87 7 0 
28 43 13 0 
29 79 3 0 
30 130 12 0 
30 118 15 0 
31 139 19 0 
31 114 16 0 
31 61 14 0 
31 50 11 0 
31 45 28 0 
31 41 12 0 
32 52 18 0 
32 34 22 0 
33 116 18 0 
33 71 7 0 
33 50 11 0 
33 48 16 0 
35 125 13 0 
35 75 11 0 
35 55 8 0 
35 43 8 0 
36 128 7 0 
36 101 16 0 
37 146 9 0 
38 132 14 0 
38 66 20 0 
39 74 14 0 
39 58 10 0 
40 74 22 0 
41 134 13 0 
41 55 7 0 
42 145 12 0 
42 138 12 0 
42 107 15 0 
42 102 7 0 
42 56 9 0 
42 45 23 0 
43 149 13 0 
43 120 15 0 
43 79 16 0 
44 125 19 0 
44 121 8 0 
44 115 10 0 
44 85 10 0 
45 149 24 0 
45 126 21 0 
45 113 14 0 
45 106 17 0 
45 84 27 0 
46 140 11 0 
46 93 15 0 
46 84 11 0 
46 67 6 0 
46 64 16 0 
46 57 13 0 
47 119 8 0 
47 100 16 0 
47 93 21 0 
48 148 23 0 
48 105 12 0 
49 68 9 0 
49 50 14 0 
50 54 5 0 
51 144 20 0 
51 117 18 0 
51 61 14 0 
52 83 8 0 
53 118 16 0 
53 103 4 0 
53 70 16 0 
53 57 21 0 
54 64 20 0 
55 97 18 0 
56 126 7 0 
57 146 17 0 
57 114 8 0 
59 92 10 0 
59 62 8 0 
61 135 15 0 
61 89 19 0 
62 81 12 0 
63 137 11 0 
63 126 5 0 
63 85 13 0 
64 143 18 0 
65 145 25 0 
65 80 26 0 
65 72 24 0 
66 125 15 0 
66 119 7 0 
66 114 12 0 
67 126 12 0 
68 148 24 0 
68 144 20 0 
69 125 9 0 
69 76 12 0 
69 75 20 0 
69 73 13 0 
70 92 10 0 
70 81 16 0 
72 133 21 0 
72 121 25 0 
72 111 28 0 
72 98 12 0 
72 81 24 0 
73 144 16 0 
73 115 11 0 
73 103 7 0 
73 87 4 0 
74 135 4 0 
74 131 25 0 
74 121 9 0 
74 88 8 0 
75 137 21 0 
76 134 17 0 
76 83 6 0 
77 144 14 0 
77 139 5 0 
77 102 19 0 
77 101 12 0 
77 94 13 0 
78 142 8 0 
78 127 8 0 
78 114 16 0 
78 99 1 0 
79 91 15 0 
80 136 4 0 
80 122 12 0 
81 111 6 0 
81 89 10 0 
82 140 6 0 
82 131 11 0 
83 141 9 0 
83 129 18 0 
83 106 11 0 
84 88 11 0 
85 105 19 0 
85 103 5 0 
87 143 7 0 
87 131 11 0 
88 143 11 0 
88 136 8 0 
88 118 11 0 
88 96 20 0 
88 95 8 0 
89 139 17 0 
89 126 19 0 
90 100 13 0 
91 147 10 0 
91 143 18 0 
92 147 1 0 
94 148 16 0 
94 114 8 0 
94 108 9 0 
95 142 12 0 
95 98 21 0 
96 133 18 0 
96 122 17 0 
96 121 19 0 
97 135 13 0 
97 131 14 0 
98 119 10 0 
98 107 13 0 
101 147 16 0 
101 118 9 0 
102 137 26 0 
102 120 26 0 
103 142 5 0 
105 117 6 0 
106 110 20 0 
109 112 6 0 
110 121 14 0 
110 120 16 0 
112 121 7 0 
113 140 3 0 
113 139 2 0 
115 123 15 0 
118 123 5 0 
118 120 9 0 
119 131 13 0 
120 140 17 0 
127 145 15 0 
131 137 10 0 
135 148 21 0 
138 143 5 0 
