#GRAPH (#nodes #edges id uu vv ww xx yy zz):
#150 568 geo(0,{150,25,3,0.025,0.000,0.000}) 25 
#
VERTICES (index name u v w x y z):
0 0 10 15 
1 1 14 5 
2 2 4 24 
3 3 4 14 
4 4 10 7 
5 5 24 3 
6 6 11 21 
7 7 20 6 
8 8 11 15 
9 9 6 24 
10 10 23 1 
11 11 18 7 
12 12 9 7 
13 13 19 10 
14 14 1 18 
15 15 4 8 
16 16 13 3 
17 17 12 21 
18 18 16 23 
19 19 14 0 
20 20 2 22 
21 21 14 11 
22 22 20 19 
23 23 24 22 
24 24 3 10 
25 25 18 10 
26 26 6 18 
27 27 19 23 
28 28 13 16 
29 29 15 1 
30 30 6 1 
31 31 4 22 
32 32 14 3 
33 33 20 0 
34 34 3 3 
35 35 17 24 
36 36 8 8 
37 37 7 14 
38 38 5 10 
39 39 19 16 
40 40 17 11 
41 41 9 3 
42 42 15 3 
43 43 1 6 
44 44 10 17 
45 45 6 16 
46 46 12 1 
47 47 24 23 
48 48 8 21 
49 49 23 8 
50 50 0 21 
51 51 20 16 
52 52 5 13 
53 53 16 10 
54 54 0 6 
55 55 11 24 
56 56 17 21 
57 57 11 1 
58 58 10 18 
59 59 10 20 
60 60 24 20 
61 61 8 22 
62 62 13 13 
63 63 13 6 
64 64 5 9 
65 65 21 7 
66 66 5 14 
67 67 7 21 
68 68 0 1 
69 69 10 13 
70 70 0 8 
71 71 10 2 
72 72 1 8 
73 73 13 4 
74 74 7 13 
75 75 5 23 
76 76 2 13 
77 77 23 7 
78 78 11 13 
79 79 5 19 
80 80 3 0 
81 81 19 22 
82 82 15 23 
83 83 23 4 
84 84 14 18 
85 85 6 12 
86 86 21 13 
87 87 5 15 
88 88 7 0 
89 89 10 12 
90 90 9 19 
91 91 22 14 
92 92 1 17 
93 93 17 6 
94 94 24 2 
95 95 19 4 
96 96 13 1 
97 97 5 18 
98 98 1 2 
99 99 14 8 
100 100 1 19 
101 101 3 20 
102 102 24 9 
103 103 0 16 
104 104 19 19 
105 105 9 8 
106 106 8 20 
107 107 17 18 
108 108 16 6 
109 109 8 12 
110 110 22 23 
111 111 22 15 
112 112 4 15 
113 113 10 8 
114 114 20 17 
115 115 0 3 
116 116 14 14 
117 117 8 16 
118 118 3 5 
119 119 3 7 
120 120 16 0 
121 121 8 14 
122 122 17 1 
123 123 19 24 
124 124 18 12 
125 125 6 21 
126 126 7 9 
127 127 11 6 
128 128 6 8 
129 129 14 12 
130 130 3 15 
131 131 9 17 
132 132 1 10 
133 133 7 6 
134 134 18 16 
135 135 7 2 
136 136 2 3 
137 137 7 16 
138 138 1 15 
139 139 2 7 
140 140 16 17 
141 141 4 16 
142 142 16 5 
143 143 21 21 
144 144 19 21 
145 145 2 0 
146 146 2 5 
147 147 14 21 
148 148 17 14 
149 149 24 8 
#
EDGES (from-node to-node length a b):
0 115 16 0 
0 54 13 0 
0 42 13 0 
1 91 12 0 
1 86 11 0 
2 145 24 0 
2 123 15 0 
2 84 12 0 
2 76 11 0 
2 48 5 0 
2 41 22 0 
2 23 20 0 
2 11 22 0 
2 6 8 0 
3 148 13 0 
3 95 18 0 
4 147 15 0 
4 146 8 0 
4 129 6 0 
4 14 14 0 
5 143 18 0 
5 133 17 0 
5 61 25 0 
5 49 5 0 
6 51 10 0 
7 85 15 0 
7 62 10 0 
8 90 4 0 
8 36 8 0 
9 143 15 0 
9 142 21 0 
9 73 21 0 
9 65 23 0 
10 130 24 0 
10 112 24 0 
11 143 14 0 
11 122 6 0 
11 46 8 0 
12 146 7 0 
12 101 14 0 
12 25 9 0 
13 104 9 0 
13 103 20 0 
13 71 12 0 
13 55 16 0 
14 128 11 0 
14 116 14 0 
14 79 4 0 
14 56 16 0 
14 23 23 0 
15 129 11 0 
15 86 18 0 
15 37 7 0 
16 140 14 0 
16 85 11 0 
17 121 8 0 
18 50 16 0 
19 130 19 0 
19 120 2 0 
19 25 11 0 
20 133 17 0 
20 126 14 0 
20 86 21 0 
20 40 19 0 
21 134 6 0 
21 119 12 0 
21 72 13 0 
21 61 13 0 
22 129 9 0 
22 72 22 0 
23 135 26 0 
23 119 26 0 
23 74 19 0 
23 60 2 0 
23 43 28 0 
24 134 16 0 
24 106 11 0 
24 76 3 0 
25 126 11 0 
25 56 11 0 
25 43 17 0 
25 27 13 0 
26 146 14 0 
26 123 14 0 
26 99 13 0 
26 31 4 0 
27 65 16 0 
27 33 23 0 
28 117 5 0 
28 111 9 0 
28 35 9 0 
29 56 20 0 
30 107 20 0 
30 66 13 0 
31 34 19 0 
32 130 16 0 
33 139 19 0 
33 125 25 0 
34 148 18 0 
34 143 25 0 
34 128 6 0 
34 82 23 0 
34 70 6 0 
35 111 10 0 
35 105 18 0 
36 149 16 0 
36 111 16 0 
36 69 5 0 
36 46 8 0 
36 40 9 0 
37 111 15 0 
37 65 16 0 
37 62 6 0 
38 131 8 0 
38 130 5 0 
39 94 15 0 
39 55 11 0 
39 50 20 0 
40 146 16 0 
40 141 14 0 
40 63 6 0 
41 143 22 0 
41 69 10 0 
41 56 20 0 
42 105 8 0 
42 94 9 0 
42 71 5 0 
42 52 14 0 
43 128 5 0 
43 125 16 0 
43 114 22 0 
43 106 16 0 
43 94 23 0 
43 77 22 0 
44 141 6 0 
44 100 9 0 
44 88 17 0 
44 81 10 0 
44 54 15 0 
45 85 4 0 
45 69 5 0 
46 146 11 0 
46 119 11 0 
46 90 18 0 
46 63 5 0 
47 61 16 0 
47 49 15 0 
48 103 9 0 
48 75 4 0 
48 71 19 0 
49 132 22 0 
49 116 11 0 
49 79 21 0 
50 135 20 0 
50 132 11 0 
50 68 20 0 
51 88 21 0 
51 55 12 0 
52 69 5 0 
52 67 8 0 
53 148 4 0 
53 140 7 0 
53 136 16 0 
53 109 8 0 
53 73 7 0 
54 104 23 0 
54 100 13 0 
54 63 13 0 
55 62 11 0 
56 132 19 0 
56 126 16 0 
56 63 16 0 
56 62 9 0 
57 139 11 0 
57 87 15 0 
57 74 13 0 
58 110 13 0 
58 103 10 0 
59 95 18 0 
59 86 13 0 
60 91 6 0 
60 90 15 0 
60 87 20 0 
61 130 9 0 
61 92 9 0 
62 112 9 0 
62 106 9 0 
62 99 5 0 
64 141 7 0 
64 119 3 0 
64 71 9 0 
65 144 14 0 
65 142 5 0 
65 136 19 0 
65 68 22 0 
66 126 5 0 
66 87 1 0 
67 138 8 0 
68 127 12 0 
69 109 2 0 
69 99 6 0 
69 88 13 0 
70 146 4 0 
71 149 15 0 
71 72 11 0 
72 137 10 0 
72 117 11 0 
72 113 9 0 
73 129 8 0 
73 104 16 0 
74 146 9 0 
75 121 9 0 
75 101 4 0 
75 86 19 0 
76 125 9 0 
76 118 8 0 
76 111 20 0 
78 102 14 0 
79 139 12 0 
79 99 14 0 
80 131 18 0 
80 115 4 0 
80 104 25 0 
80 101 20 0 
81 147 5 0 
81 144 1 0 
81 83 18 0 
82 133 19 0 
82 97 11 0 
84 127 12 0 
84 116 4 0 
85 124 12 0 
85 96 13 0 
86 136 21 0 
86 117 13 0 
86 110 10 0 
86 108 9 0 
86 92 20 0 
87 127 11 0 
87 122 18 0 
88 133 6 0 
89 94 17 0 
90 137 4 0 
90 128 11 0 
91 142 11 0 
91 116 8 0 
92 116 13 0 
92 108 19 0 
93 131 14 0 
94 124 12 0 
94 106 24 0 
94 104 18 0 
95 115 19 0 
96 149 13 0 
96 131 16 0 
96 130 17 0 
98 135 6 0 
98 117 16 0 
99 131 10 0 
101 148 15 0 
102 119 21 0 
103 137 7 0 
104 126 16 0 
104 122 18 0 
105 123 19 0 
105 118 7 0 
107 148 4 0 
107 134 2 0 
107 108 12 0 
110 142 19 0 
110 127 20 0 
111 148 5 0 
111 123 9 0 
115 144 26 0 
115 135 7 0 
117 144 12 0 
118 139 2 0 
122 148 13 0 
124 129 4 0 
127 147 15 0 
131 143 13 0 
135 141 14 0 
141 146 11 0 
145 148 21 0 
