#GRAPH (#nodes #edges id uu vv ww xx yy zz):
#150 560 geo(0,{150,25,3,0.025,0.000,0.000}) 25 
#
VERTICES (index name u v w x y z):
0 0 9 21 
1 1 15 8 
2 2 10 18 
3 3 11 18 
4 4 19 15 
5 5 23 24 
6 6 22 20 
7 7 20 21 
8 8 16 24 
9 9 2 2 
10 10 16 23 
11 11 22 9 
12 12 16 21 
13 13 1 7 
14 14 4 20 
15 15 13 4 
16 16 3 20 
17 17 20 24 
18 18 12 18 
19 19 18 1 
20 20 11 16 
21 21 11 12 
22 22 7 19 
23 23 24 10 
24 24 15 19 
25 25 17 21 
26 26 5 16 
27 27 14 9 
28 28 15 2 
29 29 6 13 
30 30 17 4 
31 31 0 14 
32 32 10 11 
33 33 10 1 
34 34 15 20 
35 35 14 20 
36 36 6 17 
37 37 12 4 
38 38 22 17 
39 39 15 0 
40 40 6 11 
41 41 2 22 
42 42 24 5 
43 43 18 5 
44 44 5 10 
45 45 14 19 
46 46 5 23 
47 47 5 21 
48 48 16 10 
49 49 13 10 
50 50 24 3 
51 51 17 16 
52 52 15 15 
53 53 5 7 
54 54 19 21 
55 55 19 7 
56 56 17 5 
57 57 1 18 
58 58 13 18 
59 59 24 7 
60 60 7 9 
61 61 24 12 
62 62 22 21 
63 63 9 1 
64 64 17 0 
65 65 7 18 
66 66 3 16 
67 67 8 1 
68 68 12 24 
69 69 16 7 
70 70 13 1 
71 71 4 24 
72 72 2 1 
73 73 21 16 
74 74 11 5 
75 75 23 12 
76 76 20 4 
77 77 14 22 
78 78 8 23 
79 79 1 1 
80 80 10 0 
81 81 18 11 
82 82 21 4 
83 83 14 18 
84 84 5 18 
85 85 0 8 
86 86 11 15 
87 87 24 17 
88 88 4 5 
89 89 3 3 
90 90 3 6 
91 91 2 7 
92 92 7 20 
93 93 2 18 
94 94 11 6 
95 95 7 24 
96 96 23 7 
97 97 13 3 
98 98 17 2 
99 99 21 12 
100 100 13 6 
101 101 13 7 
102 102 4 1 
103 103 17 17 
104 104 20 23 
105 105 9 2 
106 106 20 5 
107 107 17 3 
108 108 7 17 
109 109 22 6 
110 110 19 5 
111 111 3 13 
112 112 2 14 
113 113 17 23 
114 114 0 18 
115 115 16 14 
116 116 23 0 
117 117 1 20 
118 118 1 17 
119 119 16 18 
120 120 23 22 
121 121 2 13 
122 122 1 21 
123 123 7 11 
124 124 10 8 
125 125 14 16 
126 126 4 8 
127 127 8 19 
128 128 21 1 
129 129 15 5 
130 130 0 13 
131 131 15 1 
132 132 0 4 
133 133 15 14 
134 134 6 20 
135 135 15 13 
136 136 4 16 
137 137 11 23 
138 138 2 21 
139 139 21 18 
140 140 5 22 
141 141 6 9 
142 142 22 1 
143 143 3 14 
144 144 22 23 
145 145 24 4 
146 146 6 19 
147 147 13 19 
148 148 9 18 
149 149 12 7 
#
EDGES (from-node to-node length a b):
0 125 7 0 
0 114 9 0 
0 41 7 0 
0 24 6 0 
1 9 14 0 
2 137 5 0 
2 114 10 0 
2 96 17 0 
2 88 14 0 
2 74 13 0 
2 60 9 0 
2 21 6 0 
2 11 15 0 
3 126 12 0 
3 72 19 0 
3 68 6 0 
3 53 13 0 
3 29 7 0 
3 5 13 0 
4 77 9 0 
4 12 7 0 
5 140 18 0 
5 29 20 0 
6 74 19 0 
7 131 21 0 
7 100 17 0 
8 144 6 0 
8 138 14 0 
8 121 18 0 
8 105 23 0 
8 48 14 0 
8 12 3 0 
9 132 3 0 
9 59 23 0 
10 87 10 0 
10 85 22 0 
10 42 20 0 
10 38 8 0 
10 27 14 0 
11 113 15 0 
11 40 16 0 
12 143 15 0 
12 107 18 0 
12 90 20 0 
12 89 22 0 
12 87 9 0 
12 86 8 0 
12 78 8 0 
12 61 12 0 
12 28 19 0 
13 132 3 0 
13 125 16 0 
13 101 12 0 
13 47 15 0 
14 149 15 0 
14 89 17 0 
14 15 18 0 
16 103 14 0 
17 140 15 0 
17 123 18 0 
17 101 18 0 
18 139 9 0 
18 123 9 0 
19 95 25 0 
19 79 17 0 
20 133 4 0 
20 104 11 0 
20 93 9 0 
20 88 13 0 
20 40 7 0 
21 148 6 0 
21 91 10 0 
21 87 14 0 
21 53 8 0 
21 36 7 0 
21 30 10 0 
22 127 1 0 
22 83 7 0 
22 78 4 0 
22 74 15 0 
22 42 22 0 
23 140 22 0 
23 126 20 0 
23 46 23 0 
24 114 15 0 
24 80 20 0 
24 67 19 0 
25 149 15 0 
25 26 13 0 
26 73 16 0 
26 72 15 0 
26 59 21 0 
26 46 7 0 
28 83 16 0 
28 37 4 0 
29 140 9 0 
29 108 4 0 
29 91 7 0 
29 74 9 0 
30 84 18 0 
31 108 8 0 
31 41 8 0 
31 33 16 0 
32 141 4 0 
32 135 5 0 
32 108 7 0 
32 105 9 0 
33 141 9 0 
33 58 17 0 
33 50 14 0 
33 34 20 0 
34 120 8 0 
34 113 4 0 
34 93 13 0 
34 54 4 0 
35 118 13 0 
35 92 7 0 
35 84 9 0 
35 74 15 0 
35 68 4 0 
35 47 9 0 
36 135 10 0 
36 61 19 0 
36 51 11 0 
36 46 6 0 
37 91 10 0 
37 83 14 0 
39 133 14 0 
39 114 23 0 
39 73 17 0 
40 59 18 0 
40 54 16 0 
40 41 12 0 
41 140 3 0 
42 145 1 0 
42 122 28 0 
42 115 12 0 
42 110 5 0 
42 77 20 0 
43 142 6 0 
43 91 16 0 
43 66 19 0 
44 114 9 0 
44 82 17 0 
44 66 6 0 
45 117 13 0 
45 114 14 0 
46 69 19 0 
47 95 4 0 
47 87 19 0 
47 65 4 0 
48 136 13 0 
48 96 8 0 
48 68 15 0 
49 131 9 0 
49 108 9 0 
49 52 5 0 
51 70 16 0 
51 56 11 0 
51 52 2 0 
52 115 1 0 
52 99 7 0 
52 79 20 0 
53 140 15 0 
53 130 8 0 
54 70 21 0 
54 62 3 0 
55 65 16 0 
56 96 6 0 
56 91 15 0 
57 139 20 0 
57 63 19 0 
59 144 16 0 
59 139 11 0 
59 124 14 0 
59 92 21 0 
59 70 13 0 
59 66 23 0 
60 148 9 0 
60 114 11 0 
60 113 17 0 
60 62 19 0 
61 139 7 0 
61 104 12 0 
61 94 14 0 
61 89 23 0 
61 68 17 0 
63 132 9 0 
63 104 25 0 
64 87 18 0 
65 137 6 0 
65 96 19 0 
65 86 5 0 
66 128 23 0 
66 126 8 0 
67 74 5 0 
67 70 5 0 
69 88 12 0 
70 122 23 0 
70 104 23 0 
70 86 14 0 
71 143 10 0 
71 141 15 0 
71 132 20 0 
71 128 29 0 
71 121 11 0 
71 74 20 0 
72 91 6 0 
74 145 13 0 
74 136 13 0 
74 116 13 0 
74 108 13 0 
75 109 6 0 
76 119 15 0 
76 105 11 0 
77 93 13 0 
78 116 27 0 
79 121 12 0 
80 119 19 0 
80 104 25 0 
81 122 20 0 
81 106 6 0 
83 115 4 0 
83 86 4 0 
84 145 24 0 
85 122 13 0 
85 117 12 0 
85 114 10 0 
87 134 18 0 
88 131 12 0 
88 91 3 0 
89 131 12 0 
90 141 4 0 
91 148 13 0 
91 146 13 0 
91 126 2 0 
94 121 11 0 
95 139 15 0 
95 123 13 0 
96 136 21 0 
97 142 9 0 
98 101 6 0 
101 145 11 0 
101 112 13 0 
102 116 19 0 
103 124 11 0 
103 112 15 0 
104 134 14 0 
104 115 10 0 
104 106 18 0 
105 125 15 0 
105 114 18 0 
106 147 16 0 
107 116 7 0 
108 146 2 0 
109 130 23 0 
110 148 16 0 
110 145 5 0 
110 141 14 0 
110 120 17 0 
111 114 6 0 
112 148 8 0 
112 143 1 0 
112 140 9 0 
113 129 18 0 
114 134 6 0 
122 138 1 0 
122 129 21 0 
125 144 11 0 
125 126 13 0 
127 138 6 0 
127 135 9 0 
128 132 21 0 
129 138 21 0 
129 133 9 0 
132 133 18 0 
133 136 11 0 
137 143 12 0 
141 148 9 0 
146 148 3 0 
