#GRAPH (#nodes #edges id uu vv ww xx yy zz):
#150 528 geo(0,{150,25,3,0.025,0.000,0.000}) 25 
#
VERTICES (index name u v w x y z):
0 0 5 12 
1 1 17 7 
2 2 4 8 
3 3 18 2 
4 4 18 23 
5 5 16 7 
6 6 0 23 
7 7 7 9 
8 8 18 8 
9 9 8 8 
10 10 18 24 
11 11 4 21 
12 12 14 19 
13 13 12 0 
14 14 24 23 
15 15 21 8 
16 16 16 16 
17 17 1 4 
18 18 18 14 
19 19 19 12 
20 20 2 20 
21 21 13 20 
22 22 24 15 
23 23 2 14 
24 24 14 6 
25 25 2 5 
26 26 7 18 
27 27 11 20 
28 28 14 22 
29 29 17 13 
30 30 24 10 
31 31 24 14 
32 32 22 22 
33 33 7 15 
34 34 2 15 
35 35 15 14 
36 36 4 2 
37 37 11 17 
38 38 16 11 
39 39 0 8 
40 40 21 20 
41 41 13 16 
42 42 9 8 
43 43 1 2 
44 44 24 19 
45 45 23 8 
46 46 19 17 
47 47 17 2 
48 48 2 4 
49 49 20 1 
50 50 6 16 
51 51 21 4 
52 52 21 17 
53 53 12 6 
54 54 12 14 
55 55 12 10 
56 56 6 1 
57 57 10 12 
58 58 24 20 
59 59 4 20 
60 60 24 12 
61 61 11 1 
62 62 5 6 
63 63 20 0 
64 64 10 20 
65 65 8 2 
66 66 14 16 
67 67 1 10 
68 68 20 4 
69 69 13 2 
70 70 0 10 
71 71 9 7 
72 72 16 3 
73 73 3 3 
74 74 22 5 
75 75 22 14 
76 76 1 5 
77 77 0 17 
78 78 15 24 
79 79 13 1 
80 80 20 15 
81 81 8 22 
82 82 16 9 
83 83 1 21 
84 84 20 7 
85 85 1 1 
86 86 6 3 
87 87 18 5 
88 88 10 21 
89 89 1 9 
90 90 15 16 
91 91 16 13 
92 92 17 1 
93 93 19 24 
94 94 0 20 
95 95 17 21 
96 96 6 0 
97 97 24 0 
98 98 17 22 
99 99 12 21 
100 100 0 13 
101 101 12 1 
102 102 19 8 
103 103 13 22 
104 104 12 11 
105 105 16 8 
106 106 15 20 
107 107 7 17 
108 108 3 16 
109 109 21 10 
110 110 15 10 
111 111 5 10 
112 112 0 9 
113 113 8 5 
114 114 6 4 
115 115 14 3 
116 116 20 6 
117 117 7 8 
118 118 3 15 
119 119 6 14 
120 120 4 5 
121 121 14 5 
122 122 11 6 
123 123 5 3 
124 124 13 17 
125 125 4 15 
126 126 1 8 
127 127 24 21 
128 128 11 9 
129 129 9 16 
130 130 3 7 
131 131 13 11 
132 132 15 11 
133 133 7 1 
134 134 21 1 
135 135 4 13 
136 136 20 23 
137 137 14 17 
138 138 16 18 
139 139 14 10 
140 140 24 11 
141 141 12 8 
142 142 18 17 
143 143 1 24 
144 144 13 7 
145 145 24 5 
146 146 5 9 
147 147 0 14 
148 148 18 0 
149 149 20 12 
#
EDGES (from-node to-node length a b):
0 53 9 0 
0 24 11 0 
1 52 11 0 
1 38 4 0 
2 63 18 0 
2 50 8 0 
2 27 14 0 
3 149 10 0 
3 56 12 0 
3 18 12 0 
4 96 26 0 
4 83 17 0 
4 58 7 0 
5 146 11 0 
6 130 16 0 
6 82 21 0 
6 37 13 0 
7 134 16 0 
7 73 7 0 
8 133 13 0 
8 123 14 0 
8 62 13 0 
9 126 7 0 
9 92 11 0 
9 49 14 0 
9 33 7 0 
10 133 25 0 
10 74 19 0 
10 65 24 0 
10 47 22 0 
11 51 24 0 
11 45 23 0 
12 127 10 0 
12 112 17 0 
12 95 4 0 
12 63 20 0 
12 13 19 0 
13 125 17 0 
13 95 22 0 
13 87 8 0 
13 76 12 0 
14 65 26 0 
15 108 20 0 
15 62 16 0 
15 60 5 0 
15 51 4 0 
15 28 16 0 
16 145 14 0 
16 28 6 0 
17 128 11 0 
17 67 6 0 
19 49 11 0 
19 31 5 0 
19 22 6 0 
20 64 8 0 
20 37 9 0 
21 144 13 0 
21 76 19 0 
22 139 11 0 
22 132 10 0 
22 54 12 0 
23 59 6 0 
24 119 11 0 
24 116 6 0 
24 110 4 0 
24 82 4 0 
24 56 9 0 
25 81 18 0 
25 46 21 0 
26 141 11 0 
27 95 6 0 
27 88 1 0 
27 57 8 0 
28 148 22 0 
28 112 19 0 
28 107 9 0 
28 106 2 0 
28 96 23 0 
29 141 7 0 
29 73 17 0 
29 38 2 0 
30 113 17 0 
30 108 22 0 
30 91 9 0 
30 78 17 0 
30 69 14 0 
30 47 11 0 
31 110 10 0 
31 63 15 0 
31 42 16 0 
32 142 6 0 
32 117 21 0 
32 75 8 0 
33 125 3 0 
33 110 9 0 
33 35 8 0 
34 144 14 0 
34 130 8 0 
34 75 20 0 
34 69 17 0 
34 44 22 0 
35 147 15 0 
35 141 7 0 
35 101 13 0 
35 38 3 0 
36 88 20 0 
36 63 16 0 
36 54 14 0 
36 47 13 0 
37 133 16 0 
37 84 13 0 
38 97 14 0 
38 76 16 0 
38 71 8 0 
39 86 8 0 
39 71 9 0 
39 59 13 0 
40 147 22 0 
40 90 7 0 
40 66 8 0 
41 87 12 0 
41 66 1 0 
42 133 7 0 
42 122 3 0 
42 115 7 0 
42 97 17 0 
42 80 13 0 
43 142 23 0 
43 116 19 0 
43 90 20 0 
43 83 19 0 
44 140 8 0 
44 127 2 0 
44 88 14 0 
45 87 6 0 
45 82 7 0 
45 80 8 0 
45 60 4 0 
46 133 20 0 
46 121 13 0 
46 65 19 0 
46 62 18 0 
47 101 5 0 
47 54 13 0 
48 123 3 0 
48 102 17 0 
48 78 24 0 
48 54 14 0 
49 146 17 0 
49 107 21 0 
49 104 13 0 
49 76 19 0 
50 138 10 0 
50 137 8 0 
50 122 11 0 
50 120 11 0 
50 79 17 0 
50 78 12 0 
50 63 21 0 
51 97 5 0 
51 88 20 0 
51 80 11 0 
52 143 21 0 
52 90 6 0 
53 136 19 0 
53 89 11 0 
54 104 3 0 
55 144 3 0 
55 134 13 0 
55 115 7 0 
56 98 24 0 
57 91 6 0 
57 85 14 0 
58 111 21 0 
58 100 25 0 
59 111 10 0 
59 104 12 0 
60 126 23 0 
60 107 18 0 
60 99 15 0 
60 91 8 0 
60 74 7 0 
61 88 20 0 
61 79 2 0 
61 73 8 0 
61 65 3 0 
63 88 23 0 
64 135 9 0 
64 126 15 0 
64 70 14 0 
65 116 13 0 
65 79 5 0 
66 89 15 0 
67 136 23 0 
67 88 14 0 
68 148 4 0 
68 146 16 0 
68 119 17 0 
68 89 20 0 
69 132 9 0 
70 79 16 0 
71 92 10 0 
72 130 14 0 
74 116 2 0 
74 83 26 0 
75 136 9 0 
75 126 22 0 
75 122 14 0 
75 104 10 0 
75 102 7 0 
76 86 5 0 
77 106 15 0 
77 101 20 0 
78 140 16 0 
79 105 8 0 
80 149 3 0 
80 128 11 0 
80 101 16 0 
81 105 16 0 
81 104 12 0 
81 91 12 0 
82 128 5 0 
83 121 21 0 
84 97 8 0 
84 94 24 0 
85 114 6 0 
86 149 17 0 
88 129 5 0 
91 143 19 0 
92 145 8 0 
92 102 7 0 
93 125 17 0 
96 101 6 0 
98 102 14 0 
99 109 14 0 
99 101 20 0 
101 146 11 0 
101 142 17 0 
103 110 12 0 
104 105 5 0 
110 138 8 0 
110 120 12 0 
110 111 10 0 
114 132 11 0 
114 127 25 0 
115 142 15 0 
116 123 15 0 
118 140 21 0 
120 134 17 0 
122 143 21 0 
122 142 13 0 
122 123 7 0 
123 125 12 0 
124 144 10 0 
124 134 18 0 
125 141 11 0 
125 134 22 0 
126 131 12 0 
127 141 18 0 
130 148 17 0 
130 133 7 0 
132 149 5 0 
142 144 11 0 
143 149 22 0 
