#GRAPH (#nodes #edges id uu vv ww xx yy zz):
#150 572 geo(0,{150,25,3,0.025,0.000,0.000}) 25 
#
VERTICES (index name u v w x y z):
0 0 1 18 
1 1 4 16 
2 2 1 16 
3 3 22 20 
4 4 2 0 
5 5 12 1 
6 6 24 17 
7 7 17 16 
8 8 22 10 
9 9 16 6 
10 10 1 20 
11 11 6 24 
12 12 3 21 
13 13 10 19 
14 14 5 24 
15 15 17 14 
16 16 17 18 
17 17 7 14 
18 18 4 21 
19 19 1 23 
20 20 13 17 
21 21 11 4 
22 22 15 14 
23 23 21 20 
24 24 18 7 
25 25 17 0 
26 26 10 24 
27 27 24 6 
28 28 9 20 
29 29 20 5 
30 30 20 9 
31 31 3 7 
32 32 11 20 
33 33 21 16 
34 34 7 16 
35 35 1 6 
36 36 16 10 
37 37 14 20 
38 38 19 13 
39 39 5 5 
40 40 20 15 
41 41 6 17 
42 42 13 6 
43 43 10 6 
44 44 12 8 
45 45 4 14 
46 46 10 20 
47 47 2 4 
48 48 17 4 
49 49 17 23 
50 50 16 11 
51 51 24 15 
52 52 18 0 
53 53 1 11 
54 54 8 24 
55 55 0 21 
56 56 17 12 
57 57 13 16 
58 58 13 5 
59 59 10 11 
60 60 13 1 
61 61 17 21 
62 62 22 24 
63 63 21 17 
64 64 11 21 
65 65 23 24 
66 66 2 18 
67 67 19 1 
68 68 23 1 
69 69 4 2 
70 70 15 1 
71 71 12 20 
72 72 11 15 
73 73 24 2 
74 74 0 9 
75 75 5 6 
76 76 22 2 
77 77 19 5 
78 78 18 21 
79 79 6 7 
80 80 2 10 
81 81 15 23 
82 82 22 7 
83 83 16 2 
84 84 5 22 
85 85 18 19 
86 86 15 4 
87 87 12 17 
88 88 7 2 
89 89 19 16 
90 90 23 20 
91 91 11 2 
92 92 5 8 
93 93 17 7 
94 94 17 22 
95 95 4 0 
96 96 18 10 
97 97 15 9 
98 98 7 23 
99 99 6 2 
100 100 21 7 
101 101 14 12 
102 102 24 5 
103 103 7 3 
104 104 1 14 
105 105 9 24 
106 106 7 15 
107 107 6 16 
108 108 11 3 
109 109 10 22 
110 110 7 8 
111 111 1 0 
112 112 12 14 
113 113 9 10 
114 114 24 24 
115 115 0 12 
116 116 22 8 
117 117 22 1 
118 118 2 11 
119 119 19 22 
120 120 8 19 
121 121 14 5 
122 122 5 7 
123 123 3 10 
124 124 3 16 
125 125 16 7 
126 126 15 22 
127 127 20 22 
128 128 11 16 
129 129 5 4 
130 130 1 5 
131 131 21 10 
132 132 7 22 
133 133 7 12 
134 134 9 16 
135 135 23 18 
136 136 5 21 
137 137 1 12 
138 138 6 15 
139 139 3 5 
140 140 2 6 
141 141 20 23 
142 142 9 21 
143 143 7 5 
144 144 12 24 
145 145 17 19 
146 146 22 14 
147 147 24 23 
148 148 23 7 
149 149 21 18 
#
EDGES (from-node to-node length a b):
0 103 16 0 
0 64 10 0 
0 10 2 0 
1 126 13 0 
1 74 8 0 
1 66 3 0 
1 14 8 0 
1 6 20 0 
2 122 10 0 
2 85 17 0 
2 74 7 0 
2 15 16 0 
3 60 21 0 
4 144 26 0 
4 142 22 0 
4 120 20 0 
4 44 13 0 
4 43 10 0 
5 142 20 0 
5 122 9 0 
5 120 18 0 
5 80 13 0 
5 61 21 0 
5 44 7 0 
6 71 12 0 
6 45 20 0 
6 31 23 0 
6 23 4 0 
7 40 3 0 
7 15 2 0 
8 119 12 0 
8 61 12 0 
9 141 17 0 
9 98 19 0 
9 37 14 0 
10 94 16 0 
10 55 1 0 
11 133 12 0 
11 112 12 0 
11 78 12 0 
11 60 24 0 
11 47 20 0 
12 98 4 0 
13 109 3 0 
14 141 15 0 
14 131 21 0 
14 109 5 0 
14 98 2 0 
14 88 22 0 
14 45 10 0 
14 26 5 0 
14 17 10 0 
15 131 6 0 
15 87 6 0 
15 75 14 0 
15 56 2 0 
15 25 14 0 
16 65 8 0 
17 115 7 0 
18 147 20 0 
18 111 21 0 
18 25 25 0 
19 80 13 0 
19 75 17 0 
19 69 21 0 
19 59 15 0 
20 116 13 0 
20 104 12 0 
20 90 10 0 
20 62 11 0 
21 53 12 0 
21 47 9 0 
22 127 9 0 
23 135 3 0 
23 103 22 0 
23 71 9 0 
23 54 14 0 
24 136 19 0 
24 90 14 0 
24 84 20 0 
25 64 22 0 
26 73 26 0 
27 41 21 0 
28 99 18 0 
28 93 15 0 
29 149 13 0 
30 149 9 0 
30 133 13 0 
30 82 3 0 
30 34 15 0 
31 134 11 0 
31 115 6 0 
31 103 6 0 
31 102 21 0 
32 141 9 0 
32 92 13 0 
32 89 9 0 
32 87 3 0 
33 146 2 0 
33 125 10 0 
33 81 9 0 
33 61 6 0 
34 93 13 0 
34 74 10 0 
34 47 13 0 
35 102 23 0 
35 49 23 0 
36 131 5 0 
36 103 11 0 
37 120 6 0 
37 56 9 0 
37 45 12 0 
38 102 9 0 
38 74 19 0 
39 109 18 0 
40 97 8 0 
40 64 11 0 
40 47 21 0 
41 127 15 0 
41 85 12 0 
41 74 10 0 
41 55 7 0 
42 144 18 0 
42 44 2 0 
43 136 16 0 
43 132 16 0 
44 117 12 0 
44 82 10 0 
44 67 10 0 
45 120 6 0 
45 115 4 0 
45 81 14 0 
45 52 20 0 
45 47 10 0 
46 86 17 0 
46 85 8 0 
46 65 14 0 
47 128 15 0 
47 126 22 0 
47 103 5 0 
47 67 17 0 
47 56 17 0 
47 53 7 0 
48 148 7 0 
48 120 17 0 
49 133 15 0 
49 62 5 0 
50 122 12 0 
51 57 11 0 
52 117 4 0 
52 113 13 0 
52 68 5 0 
52 62 24 0 
52 53 20 0 
53 143 8 0 
53 129 8 0 
53 108 13 0 
53 81 18 0 
53 54 15 0 
54 82 22 0 
54 75 18 0 
54 63 15 0 
55 86 23 0 
56 130 17 0 
57 124 10 0 
57 102 16 0 
58 124 15 0 
58 109 17 0 
58 98 19 0 
58 63 14 0 
59 110 4 0 
60 125 7 0 
60 98 23 0 
61 134 9 0 
61 103 21 0 
61 88 21 0 
62 83 23 0 
63 80 20 0 
64 142 2 0 
64 140 17 0 
64 120 4 0 
65 124 22 0 
65 112 15 0 
65 102 19 0 
66 131 21 0 
66 124 2 0 
67 140 18 0 
67 121 6 0 
67 95 15 0 
67 76 3 0 
68 135 17 0 
68 94 22 0 
69 148 20 0 
69 130 4 0 
69 103 3 0 
69 70 11 0 
70 103 8 0 
70 93 6 0 
71 112 6 0 
71 98 6 0 
72 74 13 0 
73 143 17 0 
73 86 9 0 
74 130 4 0 
74 109 16 0 
74 98 16 0 
75 130 4 0 
75 113 6 0 
76 90 18 0 
76 82 5 0 
77 122 14 0 
77 106 16 0 
78 139 22 0 
78 123 19 0 
78 97 12 0 
79 137 7 0 
79 119 20 0 
79 115 8 0 
80 141 22 0 
81 141 5 0 
81 108 20 0 
81 87 7 0 
82 89 9 0 
83 85 17 0 
84 88 20 0 
84 85 13 0 
85 141 4 0 
85 119 3 0 
85 118 18 0 
85 111 25 0 
86 132 20 0 
88 116 16 0 
89 102 12 0 
89 92 16 0 
90 138 18 0 
90 120 15 0 
91 130 10 0 
91 121 4 0 
91 98 21 0 
92 105 16 0 
93 132 18 0 
93 113 9 0 
93 102 7 0 
95 140 6 0 
95 135 26 0 
95 124 16 0 
96 99 14 0 
97 139 13 0 
97 109 14 0 
98 132 1 0 
99 119 24 0 
100 120 18 0 
100 119 15 0 
101 133 7 0 
101 111 18 0 
102 120 21 0 
103 129 2 0 
105 141 11 0 
107 123 7 0 
109 138 8 0 
109 129 19 0 
109 121 17 0 
110 146 16 0 
110 117 17 0 
111 141 30 0 
111 129 6 0 
112 129 12 0 
112 128 2 0 
112 116 12 0 
113 119 16 0 
114 133 21 0 
115 144 17 0 
115 143 10 0 
115 116 22 0 
116 137 21 0 
118 141 22 0 
123 126 17 0 
124 140 10 0 
125 137 16 0 
126 147 9 0 
129 130 4 0 
130 144 22 0 
133 145 12 0 
138 145 12 0 
141 148 16 0 
143 145 17 0 
