#GRAPH (#nodes #edges id uu vv ww xx yy zz):
#150 564 geo(0,{150,25,3,0.025,0.000,0.000}) 25 
#
VERTICES (index name u v w x y z):
0 0 6 0 
1 1 18 5 
2 2 23 24 
3 3 24 6 
4 4 23 20 
5 5 7 22 
6 6 18 22 
7 7 1 3 
8 8 6 20 
9 9 17 3 
10 10 17 12 
11 11 12 8 
12 12 16 21 
13 13 3 4 
14 14 11 21 
15 15 13 5 
16 16 22 14 
17 17 10 0 
18 18 11 20 
19 19 7 24 
20 20 9 7 
21 21 20 1 
22 22 22 22 
23 23 23 16 
24 24 22 2 
25 25 11 7 
26 26 19 24 
27 27 16 16 
28 28 23 2 
29 29 17 16 
30 30 2 18 
31 31 3 10 
32 32 0 11 
33 33 7 0 
34 34 2 17 
35 35 20 21 
36 36 20 17 
37 37 18 17 
38 38 21 14 
39 39 13 22 
40 40 12 6 
41 41 9 5 
42 42 5 20 
43 43 15 22 
44 44 22 5 
45 45 15 24 
46 46 24 12 
47 47 0 21 
48 48 8 23 
49 49 19 20 
50 50 8 6 
51 51 15 5 
52 52 23 0 
53 53 22 13 
54 54 5 5 
55 55 18 13 
56 56 12 23 
57 57 1 15 
58 58 2 4 
59 59 8 5 
60 60 0 0 
61 61 24 24 
62 62 24 3 
63 63 9 24 
64 64 13 14 
65 65 19 14 
66 66 18 19 
67 67 8 15 
68 68 21 0 
69 69 23 21 
70 70 7 13 
71 71 21 20 
72 72 16 17 
73 73 18 16 
74 74 5 12 
75 75 9 21 
76 76 10 18 
77 77 10 9 
78 78 12 0 
79 79 24 20 
80 80 20 23 
81 81 9 23 
82 82 10 24 
83 83 24 22 
84 84 3 9 
85 85 3 14 
86 86 6 23 
87 87 9 10 
88 88 20 9 
89 89 12 2 
90 90 17 8 
91 91 20 11 
92 92 3 11 
93 93 24 2 
94 94 10 16 
95 95 1 19 
96 96 1 21 
97 97 17 1 
98 98 15 12 
99 99 12 9 
100 100 22 11 
101 101 19 5 
102 102 23 11 
103 103 12 10 
104 104 1 6 
105 105 5 2 
106 106 4 16 
107 107 6 12 
108 108 2 23 
109 109 7 11 
110 110 0 3 
111 111 13 4 
112 112 24 18 
113 113 6 11 
114 114 3 7 
115 115 21 18 
116 116 18 8 
117 117 7 3 
118 118 7 2 
119 119 20 20 
120 120 21 4 
121 121 9 17 
122 122 21 8 
123 123 3 22 
124 124 0 7 
125 125 8 12 
126 126 24 8 
127 127 11 17 
128 128 17 24 
129 129 8 9 
130 130 16 13 
131 131 8 22 
132 132 22 17 
133 133 0 1 
134 134 22 16 
135 135 1 17 
136 136 21 9 
137 137 5 21 
138 138 8 1 
139 139 7 20 
140 140 23 18 
141 141 2 5 
142 142 23 4 
143 143 2 9 
144 144 8 19 
145 145 4 5 
146 146 14 16 
147 147 11 1 
148 148 14 15 
149 149 13 24 
#
EDGES (from-node to-node length a b):
0 138 2 0 
0 128 26 0 
0 78 6 0 
1 110 18 0 
1 2 20 0 
2 130 13 0 
2 59 24 0 
2 27 11 0 
2 23 8 0 
3 126 2 0 
3 112 12 0 
3 76 18 0 
3 74 20 0 
3 54 19 0 
3 45 20 0 
4 101 16 0 
4 67 16 0 
5 140 16 0 
5 101 21 0 
5 89 21 0 
5 73 13 0 
5 58 19 0 
5 12 9 0 
6 148 8 0 
6 134 7 0 
6 105 24 0 
6 104 23 0 
6 96 17 0 
6 46 12 0 
6 13 23 0 
7 142 22 0 
7 104 3 0 
7 89 11 0 
7 78 11 0 
7 62 23 0 
7 35 26 0 
7 23 26 0 
8 95 5 0 
8 78 21 0 
8 61 18 0 
8 53 17 0 
9 121 16 0 
9 23 14 0 
9 11 7 0 
10 145 15 0 
10 141 17 0 
10 116 4 0 
10 113 11 0 
10 91 3 0 
10 82 14 0 
10 47 19 0 
10 35 9 0 
10 18 10 0 
11 129 4 0 
11 100 10 0 
12 120 18 0 
12 109 13 0 
12 56 4 0 
13 105 3 0 
13 24 19 0 
14 105 20 0 
14 45 5 0 
15 92 12 0 
15 63 19 0 
16 100 3 0 
16 93 12 0 
16 22 8 0 
17 76 18 0 
18 132 11 0 
18 125 9 0 
18 90 13 0 
18 50 14 0 
18 31 13 0 
19 139 4 0 
19 136 21 0 
19 131 2 0 
19 64 12 0 
20 146 10 0 
20 133 11 0 
20 59 2 0 
20 51 6 0 
21 138 12 0 
21 92 20 0 
21 82 25 0 
21 39 22 0 
22 122 14 0 
22 43 7 0 
22 35 2 0 
23 128 10 0 
24 76 20 0 
24 35 19 0 
25 120 10 0 
25 113 6 0 
25 59 4 0 
26 66 5 0 
26 56 7 0 
26 35 3 0 
27 130 3 0 
27 70 9 0 
27 65 4 0 
27 59 14 0 
28 123 28 0 
29 105 18 0 
29 91 6 0 
29 89 15 0 
29 85 14 0 
29 79 8 0 
29 78 17 0 
29 74 13 0 
30 116 19 0 
30 47 4 0 
31 144 10 0 
31 134 20 0 
31 118 9 0 
31 108 13 0 
32 113 6 0 
32 111 15 0 
32 48 14 0 
33 62 17 0 
34 149 13 0 
34 133 16 0 
34 57 2 0 
35 135 19 0 
35 128 4 0 
35 108 18 0 
35 99 14 0 
35 94 11 0 
35 72 6 0 
36 148 6 0 
36 124 22 0 
36 117 19 0 
36 59 17 0 
37 127 7 0 
37 83 8 0 
37 78 18 0 
38 74 16 0 
38 72 6 0 
39 127 5 0 
39 65 10 0 
40 149 18 0 
41 91 13 0 
41 83 23 0 
42 81 5 0 
42 49 14 0 
43 142 20 0 
44 119 15 0 
44 100 6 0 
44 99 11 0 
44 67 17 0 
45 108 13 0 
46 87 15 0 
46 80 12 0 
48 87 13 0 
48 61 16 0 
50 139 14 0 
50 131 16 0 
50 118 4 0 
50 113 5 0 
50 91 13 0 
51 138 8 0 
51 133 16 0 
51 128 19 0 
51 124 15 0 
51 92 13 0 
51 75 17 0 
51 73 11 0 
52 64 17 0 
53 118 19 0 
53 106 18 0 
54 144 14 0 
54 55 15 0 
55 138 16 0 
55 58 18 0 
56 149 1 0 
56 66 7 0 
57 136 21 0 
58 127 16 0 
58 118 5 0 
58 111 11 0 
58 108 19 0 
59 71 20 0 
60 135 17 0 
60 86 24 0 
60 71 29 0 
60 64 19 0 
61 141 29 0 
61 123 21 0 
61 93 22 0 
62 129 17 0 
63 148 10 0 
63 126 22 0 
64 86 11 0 
66 86 13 0 
67 79 17 0 
68 92 21 0 
69 128 7 0 
69 109 19 0 
70 89 12 0 
72 148 3 0 
72 115 5 0 
72 112 8 0 
72 92 14 0 
72 80 7 0 
74 95 8 0 
74 81 12 0 
75 122 18 0 
75 121 4 0 
75 117 18 0 
76 100 14 0 
77 109 4 0 
77 95 13 0 
78 103 10 0 
78 97 5 0 
78 88 12 0 
78 87 10 0 
79 114 25 0 
79 94 15 0 
79 84 24 0 
80 134 7 0 
81 146 9 0 
81 99 14 0 
82 125 12 0 
82 121 7 0 
82 93 26 0 
83 147 25 0 
83 127 14 0 
83 102 11 0 
83 100 11 0 
83 85 22 0 
84 138 9 0 
84 112 23 0 
84 90 14 0 
85 136 19 0 
85 121 7 0 
85 86 9 0 
87 121 7 0 
87 118 8 0 
88 133 22 0 
88 105 17 0 
89 125 11 0 
89 97 5 0 
90 131 17 0 
90 106 15 0 
91 102 3 0 
92 129 5 0 
93 123 29 0 
94 139 5 0 
94 137 7 0 
94 125 4 0 
94 108 11 0 
95 146 13 0 
95 139 6 0 
97 116 7 0 
98 103 4 0 
99 126 12 0 
100 149 16 0 
101 115 13 0 
102 120 7 0 
103 145 9 0 
103 115 12 0 
105 110 5 0 
106 132 18 0 
106 121 5 0 
107 132 17 0 
107 125 2 0 
108 142 28 0 
108 125 13 0 
109 143 5 0 
109 138 10 0 
109 125 1 0 
110 135 14 0 
110 130 19 0 
112 115 3 0 
113 138 10 0 
116 121 13 0 
120 132 13 0 
122 146 11 0 
124 125 9 0 
125 136 13 0 
130 144 10 0 
133 136 22 0 
142 144 21 0 
