#GRAPH (#nodes #edges id uu vv ww xx yy zz):
#150 534 geo(0,{150,25,3,0.025,0.000,0.000}) 25 
#
VERTICES (index name u v w x y z):
0 0 5 7 
1 1 11 7 
2 2 1 0 
3 3 20 17 
4 4 1 12 
5 5 22 7 
6 6 6 17 
7 7 12 6 
8 8 13 18 
9 9 9 24 
10 10 5 21 
11 11 4 24 
12 12 6 13 
13 13 23 14 
14 14 19 11 
15 15 21 23 
16 16 9 9 
17 17 10 0 
18 18 22 2 
19 19 15 16 
20 20 0 18 
21 21 1 2 
22 22 14 8 
23 23 0 23 
24 24 12 12 
25 25 8 20 
26 26 4 0 
27 27 1 8 
28 28 5 1 
29 29 21 1 
30 30 14 21 
31 31 9 10 
32 32 0 14 
33 33 4 20 
34 34 3 9 
35 35 9 0 
36 36 2 20 
37 37 10 10 
38 38 0 15 
39 39 23 7 
40 40 15 19 
41 41 21 19 
42 42 6 1 
43 43 20 19 
44 44 0 2 
45 45 15 7 
46 46 14 22 
47 47 2 22 
48 48 10 13 
49 49 12 21 
50 50 13 8 
51 51 14 12 
52 52 19 0 
53 53 1 7 
54 54 0 11 
55 55 24 16 
56 56 2 4 
57 57 23 17 
58 58 21 12 
59 59 9 16 
60 60 24 0 
61 61 6 15 
62 62 16 12 
63 63 3 18 
64 64 23 10 
65 65 17 22 
66 66 6 19 
67 67 12 10 
68 68 22 13 
69 69 13 0 
70 70 7 16 
71 71 18 12 
72 72 12 5 
73 73 7 3 
74 74 15 15 
75 75 15 11 
76 76 7 21 
77 77 11 4 
78 78 15 5 
79 79 10 1 
80 80 7 2 
81 81 15 17 
82 82 20 0 
83 83 2 0 
84 84 21 9 
85 85 3 13 
86 86 14 11 
87 87 11 12 
88 88 15 3 
89 89 5 10 
90 90 5 24 
91 91 12 3 
92 92 17 1 
93 93 7 5 
94 94 4 3 
95 95 4 11 
96 96 11 6 
97 97 24 14 
98 98 1 20 
99 99 5 17 
100 100 24 3 
101 101 8 14 
102 102 21 24 
103 103 0 9 
104 104 1 15 
105 105 7 10 
106 106 19 19 
107 107 3 12 
108 108 2 10 
109 109 8 3 
110 110 14 19 
111 111 13 3 
112 112 7 13 
113 113 7 17 
114 114 4 6 
115 115 13 2 
116 116 22 5 
117 117 2 23 
118 118 19 17 
119 119 11 9 
120 120 5 11 
121 121 20 15 
122 122 22 12 
123 123 21 17 
124 124 1 11 
125 125 22 18 
126 126 19 15 
127 127 2 2 
128 128 3 4 
129 129 9 12 
130 130 1 21 
131 131 8 7 
132 132 15 14 
133 133 24 1 
134 134 9 4 
135 135 4 7 
136 136 20 11 
137 137 20 7 
138 138 19 12 
139 139 10 15 
140 140 23 18 
141 141 18 13 
142 142 17 10 
143 143 2 24 
144 144 7 23 
145 145 22 21 
146 146 4 17 
147 147 6 10 
148 148 18 10 
149 149 23 1 
#
EDGES (from-node to-node length a b):
0 86 10 0 
0 84 16 0 
0 68 18 0 
0 63 11 0 
0 17 9 0 
1 147 6 0 
1 75 6 0 
1 50 2 0 
2 120 12 0 
2 105 12 0 
2 63 18 0 
3 70 13 0 
4 125 22 0 
4 109 11 0 
4 91 14 0 
4 53 5 0 
4 47 10 0 
5 142 6 0 
5 54 22 0 
5 47 25 0 
6 136 15 0 
6 79 16 0 
7 148 7 0 
7 109 5 0 
7 51 6 0 
7 45 3 0 
8 82 19 0 
8 34 13 0 
9 112 11 0 
10 147 11 0 
10 133 28 0 
10 130 4 0 
10 58 18 0 
11 111 23 0 
11 44 22 0 
12 140 18 0 
12 123 16 0 
12 121 14 0 
12 48 4 0 
13 136 4 0 
13 30 11 0 
14 59 11 0 
14 55 7 0 
14 45 6 0 
14 37 9 0 
14 36 19 0 
15 131 21 0 
15 126 8 0 
15 122 11 0 
15 75 13 0 
15 32 23 0 
16 144 14 0 
16 107 7 0 
16 78 7 0 
17 112 13 0 
17 76 21 0 
18 137 5 0 
18 135 19 0 
18 111 9 0 
18 74 15 0 
18 59 19 0 
18 56 20 0 
19 133 17 0 
19 126 4 0 
19 118 4 0 
19 111 13 0 
20 143 6 0 
20 121 20 0 
21 121 23 0 
21 118 23 0 
21 83 2 0 
21 54 9 0 
21 33 18 0 
22 134 6 0 
23 103 14 0 
23 80 22 0 
23 69 26 0 
24 139 4 0 
24 127 14 0 
24 113 7 0 
25 134 16 0 
25 96 14 0 
25 85 9 0 
25 81 8 0 
25 77 16 0 
25 74 9 0 
25 60 26 0 
26 115 9 0 
26 63 18 0 
27 100 24 0 
27 46 19 0 
28 106 23 0 
29 92 4 0 
30 142 11 0 
30 135 17 0 
30 76 7 0 
30 48 9 0 
31 79 9 0 
31 75 6 0 
31 48 3 0 
32 141 18 0 
32 126 19 0 
34 122 19 0 
34 119 8 0 
35 53 11 0 
35 44 9 0 
36 137 22 0 
36 108 10 0 
37 124 9 0 
38 149 27 0 
39 149 6 0 
39 141 8 0 
40 137 13 0 
40 128 19 0 
40 123 6 0 
40 108 16 0 
40 67 9 0 
40 60 21 0 
41 122 7 0 
41 103 23 0 
41 93 20 0 
42 100 18 0 
42 59 15 0 
43 122 7 0 
43 53 22 0 
44 123 26 0 
44 60 24 0 
45 114 11 0 
45 80 9 0 
46 127 23 0 
46 126 9 0 
46 120 14 0 
46 75 11 0 
47 98 2 0 
48 108 9 0 
48 79 12 0 
49 78 16 0 
50 143 19 0 
50 132 6 0 
50 107 11 0 
51 125 10 0 
51 113 9 0 
51 111 9 0 
51 107 11 0 
51 106 9 0 
52 99 22 0 
52 54 22 0 
53 77 10 0 
53 64 22 0 
54 139 11 0 
54 125 23 0 
54 96 12 0 
54 71 18 0 
54 65 20 0 
55 70 17 0 
55 60 16 0 
55 58 5 0 
56 128 1 0 
56 87 12 0 
56 75 15 0 
56 61 12 0 
57 123 2 0 
57 107 21 0 
58 147 15 0 
58 135 18 0 
58 115 13 0 
58 83 22 0 
58 74 7 0 
58 66 17 0 
59 111 14 0 
60 79 14 0 
60 76 27 0 
61 135 8 0 
61 116 19 0 
61 102 17 0 
62 141 2 0 
63 123 18 0 
63 112 6 0 
63 108 8 0 
63 95 7 0 
63 83 18 0 
64 110 13 0 
64 88 11 0 
65 132 8 0 
66 110 8 0 
66 72 15 0 
67 129 4 0 
67 101 6 0 
68 134 16 0 
68 128 21 0 
69 144 24 0 
70 126 12 0 
70 98 7 0 
71 85 15 0 
72 111 2 0 
72 79 4 0 
73 111 6 0 
74 139 5 0 
75 147 9 0 
76 137 19 0 
76 126 13 0 
77 141 11 0 
77 123 16 0 
77 116 11 0 
78 143 23 0 
78 131 7 0 
78 107 14 0 
78 106 15 0 
80 100 17 0 
81 148 8 0 
81 135 15 0 
81 117 14 0 
81 104 14 0 
82 124 22 0 
84 130 23 0 
86 115 9 0 
88 92 3 0 
89 148 13 0 
90 145 17 0 
90 135 17 0 
90 126 17 0 
90 107 12 0 
90 92 26 0 
91 147 9 0 
91 103 13 0 
91 102 23 0 
92 143 27 0 
92 142 9 0 
93 143 20 0 
94 109 4 0 
95 125 19 0 
95 114 5 0 
96 142 7 0 
96 117 19 0 
96 113 12 0 
97 148 7 0 
97 137 8 0 
98 124 9 0 
100 143 30 0 
100 106 17 0 
101 125 15 0 
102 105 20 0 
105 135 4 0 
105 106 15 0 
106 141 6 0 
106 138 7 0 
106 134 18 0 
106 110 5 0 
110 148 10 0 
112 149 20 0 
112 117 11 0 
113 127 16 0 
114 137 16 0 
115 145 21 0 
115 129 11 0 
116 127 20 0 
118 119 11 0 
119 139 6 0 
121 145 6 0 
121 124 19 0 
122 137 5 0 
124 127 9 0 
126 142 5 0 
129 131 5 0 
133 136 11 0 
135 145 23 0 
142 146 15 0 
