#GRAPH (#nodes #edges id uu vv ww xx yy zz):
#150 570 geo(0,{150,25,3,0.025,0.000,0.000}) 25 
#
VERTICES (index name u v w x y z):
0 0 1 15 
1 1 20 5 
2 2 24 2 
3 3 2 9 
4 4 9 8 
5 5 19 15 
6 6 18 22 
7 7 21 8 
8 8 21 13 
9 9 4 6 
10 10 12 22 
11 11 21 11 
12 12 10 14 
13 13 2 8 
14 14 16 23 
15 15 2 15 
16 16 6 24 
17 17 19 2 
18 18 1 9 
19 19 3 7 
20 20 4 2 
21 21 15 11 
22 22 6 12 
23 23 3 6 
24 24 9 17 
25 25 12 12 
26 26 18 17 
27 27 22 7 
28 28 3 17 
29 29 17 7 
30 30 0 2 
31 31 2 18 
32 32 14 11 
33 33 16 1 
34 34 22 20 
35 35 3 4 
36 36 13 5 
37 37 6 1 
38 38 3 24 
39 39 3 1 
40 40 9 22 
41 41 8 21 
42 42 19 24 
43 43 1 7 
44 44 4 20 
45 45 11 1 
46 46 8 23 
47 47 16 7 
48 48 16 20 
49 49 8 11 
50 50 21 1 
51 51 5 13 
52 52 14 5 
53 53 7 8 
54 54 3 18 
55 55 1 17 
56 56 3 8 
57 57 21 3 
58 58 7 9 
59 59 10 16 
60 60 8 9 
61 61 3 13 
62 62 20 6 
63 63 14 16 
64 64 16 24 
65 65 13 3 
66 66 19 21 
67 67 20 23 
68 68 4 15 
69 69 9 3 
70 70 24 0 
71 71 18 11 
72 72 17 13 
73 73 9 5 
74 74 14 13 
75 75 23 11 
76 76 6 15 
77 77 11 23 
78 78 7 13 
79 79 0 8 
80 80 17 2 
81 81 15 23 
82 82 8 4 
83 83 0 23 
84 84 10 21 
85 85 0 15 
86 86 15 1 
87 87 9 20 
88 88 11 18 
89 89 11 14 
90 90 9 0 
91 91 4 10 
92 92 19 3 
93 93 11 12 
94 94 8 13 
95 95 24 14 
96 96 16 16 
97 97 17 0 
98 98 4 23 
99 99 20 21 
100 100 5 12 
101 101 6 16 
102 102 20 3 
103 103 7 14 
104 104 8 8 
105 105 15 16 
106 106 12 10 
107 107 7 2 
108 108 17 15 
109 109 23 10 
110 110 6 4 
111 111 18 2 
112 112 13 11 
113 113 5 10 
114 114 24 21 
115 115 15 4 
116 116 18 5 
117 117 15 18 
118 118 1 24 
119 119 10 23 
120 120 13 19 
121 121 22 13 
122 122 13 21 
123 123 13 24 
124 124 19 13 
125 125 22 3 
126 126 7 0 
127 127 17 14 
128 128 3 19 
129 129 10 2 
130 130 14 24 
131 131 24 20 
132 132 17 4 
133 133 12 20 
134 134 9 23 
135 135 13 18 
136 136 17 11 
137 137 13 4 
138 138 17 9 
139 139 14 22 
140 140 9 11 
141 141 13 22 
142 142 23 18 
143 143 24 6 
144 144 10 0 
145 145 23 1 
146 146 18 13 
147 147 20 20 
148 148 15 19 
149 149 15 7 
#
EDGES (from-node to-node length a b):
0 63 13 0 
0 47 17 0 
0 14 17 0 
1 128 22 0 
1 114 16 0 
1 111 4 0 
1 105 12 0 
1 81 19 0 
1 13 18 0 
2 108 15 0 
2 32 13 0 
2 12 18 0 
2 4 16 0 
3 98 14 0 
3 97 17 0 
3 16 16 0 
4 149 6 0 
4 126 8 0 
4 93 4 0 
4 86 9 0 
4 59 8 0 
5 71 4 0 
6 73 19 0 
6 38 15 0 
6 34 4 0 
6 9 21 0 
7 138 4 0 
7 79 21 0 
7 62 2 0 
8 18 20 0 
9 117 16 0 
9 108 16 0 
9 92 15 0 
9 70 21 0 
9 50 18 0 
10 126 23 0 
10 87 4 0 
10 84 2 0 
10 33 21 0 
11 69 14 0 
11 66 10 0 
12 134 9 0 
12 106 4 0 
12 92 14 0 
12 87 6 0 
13 135 15 0 
13 133 16 0 
13 130 20 0 
13 88 13 0 
13 83 15 0 
13 82 7 0 
13 79 2 0 
13 75 21 0 
13 58 5 0 
14 122 4 0 
14 119 6 0 
14 112 12 0 
14 68 14 0 
14 23 21 0 
15 140 8 0 
15 123 14 0 
15 62 20 0 
15 47 16 0 
15 38 9 0 
15 36 15 0 
16 61 11 0 
16 37 23 0 
17 71 9 0 
18 63 15 0 
18 27 21 0 
19 102 17 0 
19 88 14 0 
20 137 9 0 
20 133 20 0 
20 68 13 0 
21 76 10 0 
21 65 8 0 
21 38 18 0 
22 105 10 0 
22 61 3 0 
23 106 10 0 
23 59 12 0 
23 44 14 0 
24 102 18 0 
24 58 8 0 
25 95 12 0 
25 54 11 0 
26 125 15 0 
26 43 20 0 
27 85 23 0 
27 59 15 0 
27 37 17 0 
28 89 9 0 
28 31 1 0 
29 62 3 0 
29 54 18 0 
30 92 19 0 
30 47 17 0 
30 45 11 0 
32 145 13 0 
32 125 11 0 
32 124 5 0 
32 81 12 0 
32 76 9 0 
32 61 11 0 
34 136 10 0 
34 89 13 0 
34 64 7 0 
34 58 19 0 
34 38 19 0 
35 104 6 0 
36 140 7 0 
36 128 17 0 
36 68 13 0 
36 62 7 0 
36 58 7 0 
38 129 23 0 
38 112 16 0 
38 99 17 0 
38 70 32 0 
38 63 14 0 
38 57 28 0 
39 137 10 0 
39 94 13 0 
40 140 11 0 
40 129 20 0 
40 114 15 0 
40 66 10 0 
40 56 15 0 
41 112 11 0 
42 137 21 0 
42 111 22 0 
42 67 1 0 
43 124 19 0 
43 77 19 0 
43 51 7 0 
43 44 13 0 
44 145 27 0 
44 142 19 0 
44 79 13 0 
44 70 28 0 
44 67 16 0 
45 131 23 0 
45 46 22 0 
46 148 8 0 
46 95 18 0 
46 51 10 0 
47 128 18 0 
47 109 8 0 
47 94 10 0 
48 99 4 0 
49 145 18 0 
49 139 13 0 
49 121 14 0 
49 104 3 0 
49 66 15 0 
49 57 15 0 
49 50 16 0 
50 116 5 0 
51 100 1 0 
51 77 12 0 
52 114 19 0 
53 104 1 0 
53 88 11 0 
54 139 12 0 
54 72 15 0 
55 65 18 0 
56 134 16 0 
56 119 17 0 
56 115 13 0 
56 92 17 0 
56 68 7 0 
56 57 19 0 
57 89 15 0 
57 60 14 0 
58 129 8 0 
59 124 9 0 
60 146 11 0 
60 109 15 0 
60 102 13 0 
61 107 12 0 
62 127 9 0 
62 112 9 0 
63 139 6 0 
63 122 5 0 
63 87 6 0 
64 141 4 0 
64 138 15 0 
64 121 13 0 
64 75 15 0 
65 142 18 0 
65 126 7 0 
65 104 7 0 
65 75 13 0 
66 149 15 0 
68 122 11 0 
69 138 10 0 
69 104 5 0 
69 86 6 0 
70 143 6 0 
70 128 28 0 
70 85 28 0 
70 78 21 0 
71 97 11 0 
72 122 9 0 
72 73 11 0 
73 131 21 0 
73 86 7 0 
74 131 12 0 
74 79 15 0 
75 89 12 0 
76 128 5 0 
77 92 22 0 
79 135 16 0 
79 88 15 0 
80 142 17 0 
80 134 22 0 
81 147 6 0 
82 101 12 0 
83 139 14 0 
83 122 13 0 
83 88 12 0 
84 123 4 0 
86 104 10 0 
86 103 15 0 
87 129 18 0 
87 120 4 0 
87 118 9 0 
87 117 6 0 
90 106 10 0 
91 137 11 0 
91 105 13 0 
92 120 17 0 
94 113 4 0 
95 132 12 0 
96 144 17 0 
96 133 6 0 
96 116 11 0 
96 97 16 0 
97 112 12 0 
98 134 5 0 
98 128 4 0 
98 109 23 0 
99 119 10 0 
100 148 12 0 
101 146 12 0 
102 138 7 0 
102 134 23 0 
102 122 19 0 
103 128 6 0 
104 145 17 0 
104 119 15 0 
105 149 9 0 
105 120 4 0 
105 114 10 0 
106 133 10 0 
107 136 13 0 
107 126 2 0 
108 115 11 0 
108 113 13 0 
110 118 21 0 
111 136 9 0 
113 141 14 0 
113 138 12 0 
114 128 21 0 
117 145 19 0 
117 143 15 0 
117 130 6 0 
120 124 8 0 
121 148 9 0 
121 145 12 0 
121 140 13 0 
121 123 14 0 
125 143 4 0 
126 138 13 0 
129 135 16 0 
131 149 16 0 
131 144 24 0 
131 143 14 0 
131 135 11 0 
136 142 9 0 
137 140 8 0 
139 144 22 0 
141 142 11 0 
144 149 9 0 
