#GRAPH (#nodes #edges id uu vv ww xx yy zz):
#20 68 geo(0,{20,25,3,0.200,0.000,0.000}) 25 
#
VERTICES (index name u v w x y z):
0 0 10 3 
1 1 15 17 
2 2 22 23 
3 3 21 9 
4 4 4 11 
5 5 13 15 
6 6 7 16 
7 7 16 4 
8 8 19 5 
9 9 19 6 
10 10 12 21 
11 11 0 3 
12 12 13 21 
13 13 18 8 
14 14 2 21 
15 15 2 17 
16 16 4 17 
17 17 16 19 
18 18 22 7 
19 19 17 15 
#
EDGES (from-node to-node length a b):
0 15 16 0 
0 9 9 0 
1 19 3 0 
1 14 14 0 
1 9 12 0 
1 8 13 0 
2 17 7 0 
2 14 20 0 
3 19 7 0 
3 15 21 0 
3 14 22 0 
3 13 3 0 
4 16 6 0 
4 14 10 0 
4 5 10 0 
5 19 4 0 
5 18 12 0 
5 16 9 0 
6 13 14 0 
7 12 17 0 
7 9 4 0 
8 16 19 0 
9 15 20 0 
9 14 23 0 
9 10 17 0 
10 19 8 0 
10 18 17 0 
11 16 15 0 
12 15 12 0 
12 13 14 0 
13 18 4 0 
14 19 16 0 
14 17 14 0 
15 17 14 0 
