#GRAPH (#nodes #edges id uu vv ww xx yy zz):
#20 74 geo(0,{20,25,3,0.200,0.000,0.000}) 25 
#
VERTICES (index name u v w x y z):
0 0 7 17 
1 1 24 9 
2 2 2 14 
3 3 22 6 
4 4 23 8 
5 5 12 1 
6 6 2 5 
7 7 18 17 
8 8 15 24 
9 9 10 15 
10 10 6 4 
11 11 10 14 
12 12 8 21 
13 13 23 16 
14 14 18 3 
15 15 2 13 
16 16 13 21 
17 17 19 16 
18 18 23 1 
19 19 10 13 
#
EDGES (from-node to-node length a b):
0 16 7 0 
0 14 18 0 
0 12 4 0 
0 8 11 0 
0 6 13 0 
0 5 17 0 
1 17 9 0 
1 11 15 0 
1 5 14 0 
2 16 13 0 
2 13 21 0 
2 4 22 0 
3 13 10 0 
3 4 2 0 
4 18 7 0 
4 17 9 0 
5 14 6 0 
5 11 13 0 
5 9 14 0 
5 7 17 0 
6 15 8 0 
6 14 16 0 
7 17 1 0 
7 16 6 0 
8 15 17 0 
8 13 11 0 
8 11 11 0 
9 19 2 0 
9 14 14 0 
9 11 1 0 
10 19 10 0 
12 15 10 0 
12 14 21 0 
12 13 16 0 
13 15 21 0 
14 16 19 0 
15 16 14 0 
