#GRAPH (#nodes #edges id uu vv ww xx yy zz):
#20 56 geo(0,{20,25,3,0.150,0.000,0.000}) 25 
#
VERTICES (index name u v w x y z):
0 0 14 4 
1 1 18 11 
2 2 14 15 
3 3 9 23 
4 4 14 21 
5 5 13 2 
6 6 10 12 
7 7 6 15 
8 8 12 17 
9 9 13 10 
10 10 8 16 
11 11 18 21 
12 12 19 1 
13 13 6 6 
14 14 5 5 
15 15 22 14 
16 16 1 8 
17 17 12 10 
18 18 9 5 
19 19 17 9 
#
EDGES (from-node to-node length a b):
0 19 6 0 
0 17 6 0 
0 8 13 0 
0 7 14 0 
0 2 11 0 
1 8 8 0 
1 4 11 0 
2 16 15 0 
2 15 8 0 
2 13 12 0 
2 3 9 0 
3 15 16 0 
3 6 11 0 
3 4 5 0 
4 18 17 0 
4 15 11 0 
4 14 18 0 
4 13 17 0 
5 12 6 0 
6 19 8 0 
6 10 4 0 
7 18 10 0 
8 12 17 0 
9 14 9 0 
9 13 8 0 
10 15 14 0 
10 11 11 0 
11 13 19 0 
