#GRAPH (#nodes #edges id uu vv ww xx yy zz):
#20 72 geo(0,{20,25,3,0.200,0.000,0.000}) 25 
#
VERTICES (index name u v w x y z):
0 0 14 8 
1 1 7 5 
2 2 3 23 
3 3 22 5 
4 4 3 0 
5 5 11 19 
6 6 4 9 
7 7 17 7 
8 8 6 5 
9 9 18 20 
10 10 10 5 
11 11 24 11 
12 12 13 5 
13 13 5 21 
14 14 17 22 
15 15 14 4 
16 16 20 14 
17 17 1 22 
18 18 3 19 
19 19 11 7 
#
EDGES (from-node to-node length a b):
0 18 16 0 
0 15 4 0 
0 12 3 0 
0 8 9 0 
0 6 10 0 
1 19 4 0 
1 12 6 0 
1 8 1 0 
1 3 15 0 
1 2 18 0 
2 19 18 0 
2 10 19 0 
2 5 9 0 
2 4 23 0 
3 13 23 0 
3 7 5 0 
4 18 19 0 
4 17 22 0 
4 11 24 0 
4 5 21 0 
5 6 12 0 
6 12 10 0 
6 7 13 0 
7 10 7 0 
8 15 8 0 
8 11 19 0 
9 19 15 0 
9 13 13 0 
10 18 16 0 
11 15 12 0 
12 18 17 0 
12 13 18 0 
13 14 12 0 
14 17 16 0 
15 17 22 0 
16 17 21 0 
