#GRAPH (#nodes #edges id uu vv ww xx yy zz):
#20 78 geo(0,{20,25,3,0.200,0.000,0.000}) 25 
#
VERTICES (index name u v w x y z):
0 0 16 16 
1 1 14 17 
2 2 4 18 
3 3 14 2 
4 4 17 9 
5 5 21 13 
6 6 19 17 
7 7 6 14 
8 8 19 6 
9 9 9 22 
10 10 5 10 
11 11 0 23 
12 12 23 15 
13 13 5 0 
14 14 15 19 
15 15 23 12 
16 16 2 4 
17 17 4 20 
18 18 7 17 
19 19 17 8 
#
EDGES (from-node to-node length a b):
0 19 8 0 
0 17 13 0 
0 12 7 0 
0 11 17 0 
0 8 10 0 
0 2 12 0 
1 13 19 0 
1 9 7 0 
1 6 5 0 
1 2 10 0 
2 18 3 0 
2 16 14 0 
2 15 20 0 
2 14 11 0 
3 15 13 0 
3 5 13 0 
4 16 16 0 
4 11 22 0 
4 6 8 0 
5 16 21 0 
5 15 2 0 
5 12 3 0 
6 19 9 0 
6 12 4 0 
6 9 11 0 
7 19 13 0 
7 12 17 0 
8 18 16 0 
9 15 17 0 
9 13 22 0 
9 10 13 0 
10 17 10 0 
10 15 18 0 
11 18 9 0 
12 13 23 0 
13 18 17 0 
14 19 11 0 
17 19 18 0 
17 18 4 0 
