#GRAPH (#nodes #edges id uu vv ww xx yy zz):
#20 60 geo(0,{20,25,3,0.200,0.000,0.000}) 25 
#
VERTICES (index name u v w x y z):
0 0 24 16 
1 1 4 11 
2 2 24 5 
3 3 22 8 
4 4 22 13 
5 5 9 3 
6 6 10 16 
7 7 19 23 
8 8 6 16 
9 9 17 0 
10 10 3 6 
11 11 11 13 
12 12 21 21 
13 13 9 5 
14 14 18 19 
15 15 3 24 
16 16 21 13 
17 17 10 6 
18 18 17 21 
19 19 9 20 
#
EDGES (from-node to-node length a b):
0 19 16 0 
0 16 4 0 
0 1 21 0 
1 19 10 0 
1 16 17 0 
1 11 7 0 
1 8 5 0 
1 2 21 0 
2 10 21 0 
3 9 9 0 
4 17 14 0 
4 14 7 0 
5 17 3 0 
5 6 13 0 
6 10 12 0 
6 9 17 0 
7 10 23 0 
8 18 12 0 
8 15 9 0 
8 10 10 0 
9 18 21 0 
9 14 19 0 
10 11 11 0 
11 18 10 0 
11 17 7 0 
11 13 8 0 
12 18 4 0 
13 19 15 0 
13 17 1 0 
18 19 8 0 
