#GRAPH (#nodes #edges id uu vv ww xx yy zz):
#20 84 geo(0,{20,25,3,0.200,0.000,0.000}) 25 
#
VERTICES (index name u v w x y z):
0 0 15 11 
1 1 5 3 
2 2 20 6 
3 3 7 6 
4 4 15 24 
5 5 0 3 
6 6 8 3 
7 7 17 7 
8 8 14 23 
9 9 19 8 
10 10 1 3 
11 11 23 17 
12 12 20 22 
13 13 8 24 
14 14 1 19 
15 15 3 24 
16 16 11 19 
17 17 20 5 
18 18 23 21 
19 19 23 22 
#
EDGES (from-node to-node length a b):
0 18 13 0 
0 15 18 0 
0 4 13 0 
1 17 15 0 
1 9 15 0 
2 11 11 0 
2 8 18 0 
2 7 3 0 
2 6 12 0 
3 19 23 0 
3 8 18 0 
3 5 8 0 
4 16 6 0 
4 15 12 0 
4 12 5 0 
4 10 25 0 
5 17 20 0 
5 16 19 0 
5 15 21 0 
5 13 22 0 
5 12 28 0 
5 8 24 0 
6 17 12 0 
6 14 17 0 
6 13 21 0 
7 19 16 0 
7 17 4 0 
7 16 13 0 
7 15 22 0 
7 10 16 0 
8 17 19 0 
8 10 24 0 
9 11 10 0 
11 19 5 0 
11 17 12 0 
12 19 3 0 
13 19 15 0 
13 17 22 0 
14 17 24 0 
15 19 20 0 
16 19 12 0 
18 19 1 0 
