#GRAPH (#nodes #edges id uu vv ww xx yy zz):
#20 82 geo(0,{20,25,3,0.200,0.000,0.000}) 25 
#
VERTICES (index name u v w x y z):
0 0 22 24 
1 1 7 18 
2 2 3 4 
3 3 8 1 
4 4 10 16 
5 5 4 14 
6 6 22 6 
7 7 18 14 
8 8 21 2 
9 9 3 5 
10 10 23 11 
11 11 24 9 
12 12 4 8 
13 13 24 1 
14 14 8 21 
15 15 9 7 
16 16 7 22 
17 17 9 11 
18 18 19 9 
19 19 20 15 
#
EDGES (from-node to-node length a b):
0 17 18 0 
0 15 21 0 
0 12 24 0 
0 10 13 0 
0 2 28 0 
1 15 11 0 
1 8 21 0 
1 7 12 0 
1 6 19 0 
1 4 4 0 
2 18 17 0 
2 12 4 0 
2 9 1 0 
3 19 18 0 
3 11 18 0 
3 7 16 0 
3 5 14 0 
4 17 5 0 
4 15 9 0 
4 14 5 0 
5 15 9 0 
5 11 21 0 
5 6 20 0 
6 15 13 0 
7 18 5 0 
7 15 11 0 
7 9 17 0 
8 16 24 0 
9 13 21 0 
9 12 3 0 
10 18 4 0 
10 17 14 0 
10 16 19 0 
10 15 15 0 
11 18 5 0 
12 19 17 0 
12 14 14 0 
13 18 9 0 
14 16 1 0 
15 19 14 0 
15 17 4 0 
