#GRAPH (#nodes #edges id uu vv ww xx yy zz):
#20 78 geo(0,{20,25,3,0.200,0.000,0.000}) 25 
#
VERTICES (index name u v w x y z):
0 0 1 4 
1 1 1 6 
2 2 9 4 
3 3 9 22 
4 4 9 5 
5 5 4 16 
6 6 19 22 
7 7 19 17 
8 8 8 4 
9 9 2 19 
10 10 21 22 
11 11 23 15 
12 12 4 19 
13 13 11 12 
14 14 23 22 
15 15 21 17 
16 16 23 19 
17 17 19 12 
18 18 0 21 
19 19 14 7 
#
EDGES (from-node to-node length a b):
0 18 17 0 
0 17 20 0 
0 13 13 0 
0 3 20 0 
0 2 8 0 
1 19 13 0 
1 18 15 0 
1 15 23 0 
1 8 7 0 
1 7 21 0 
2 14 23 0 
2 10 22 0 
2 7 16 0 
3 10 12 0 
3 6 10 0 
3 5 8 0 
4 19 5 0 
4 14 22 0 
4 8 1 0 
5 18 6 0 
5 13 8 0 
7 12 15 0 
7 9 17 0 
8 14 23 0 
8 13 9 0 
8 11 19 0 
8 10 22 0 
9 15 19 0 
9 11 21 0 
9 10 19 0 
10 19 17 0 
10 18 21 0 
10 17 10 0 
10 15 5 0 
11 19 12 0 
11 18 24 0 
14 16 3 0 
15 17 5 0 
18 19 20 0 
