#GRAPH (#nodes #edges id uu vv ww xx yy zz):
#200 804 geo(0,{200,25,3,0.020,0.000,0.000}) 25 
#
VERTICES (index name u v w x y z):
0 0 10 10 
1 1 13 0 
2 2 9 2 
3 3 2 8 
4 4 3 4 
5 5 12 7 
6 6 15 22 
7 7 8 13 
8 8 16 22 
9 9 4 11 
10 10 24 17 
11 11 14 0 
12 12 19 14 
13 13 2 4 
14 14 0 1 
15 15 22 9 
16 16 20 20 
17 17 5 20 
18 18 16 12 
19 19 24 23 
20 20 21 20 
21 21 0 23 
22 22 2 21 
23 23 17 6 
24 24 17 21 
25 25 5 5 
26 26 18 0 
27 27 17 24 
28 28 0 4 
29 29 14 14 
30 30 24 11 
31 31 23 6 
32 32 3 14 
33 33 21 0 
34 34 7 15 
35 35 11 6 
36 36 9 23 
37 37 12 13 
38 38 4 18 
39 39 22 6 
40 40 18 21 
41 41 22 3 
42 42 4 9 
43 43 16 20 
44 44 0 10 
45 45 11 1 
46 46 14 17 
47 47 11 10 
48 48 10 24 
49 49 15 19 
50 50 4 19 
51 51 3 11 
52 52 2 10 
53 53 14 21 
54 54 12 14 
55 55 7 24 
56 56 9 8 
57 57 8 7 
58 58 19 16 
59 59 6 11 
60 60 19 21 
61 61 22 12 
62 62 5 11 
63 63 22 0 
64 64 18 19 
65 65 22 20 
66 66 17 16 
67 67 0 8 
68 68 23 24 
69 69 6 0 
70 70 9 13 
71 71 17 4 
72 72 19 8 
73 73 24 7 
74 74 8 10 
75 75 12 21 
76 76 15 18 
77 77 10 2 
78 78 13 12 
79 79 18 14 
80 80 8 23 
81 81 18 6 
82 82 20 2 
83 83 3 9 
84 84 11 7 
85 85 1 1 
86 86 22 15 
87 87 6 22 
88 88 4 3 
89 89 17 18 
90 90 2 9 
91 91 3 5 
92 92 1 17 
93 93 13 7 
94 94 21 13 
95 95 11 4 
96 96 3 3 
97 97 11 23 
98 98 14 2 
99 99 19 22 
100 100 5 18 
101 101 23 8 
102 102 6 4 
103 103 18 15 
104 104 17 5 
105 105 12 11 
106 106 8 4 
107 107 21 4 
108 108 2 14 
109 109 23 13 
110 110 18 5 
111 111 24 22 
112 112 16 15 
113 113 11 24 
114 114 2 24 
115 115 2 20 
116 116 1 13 
117 117 19 2 
118 118 20 13 
119 119 0 22 
120 120 8 6 
121 121 12 2 
122 122 13 2 
123 123 13 14 
124 124 5 1 
125 125 17 1 
126 126 7 0 
127 127 8 16 
128 128 22 4 
129 129 17 12 
130 130 8 18 
131 131 13 4 
132 132 17 22 
133 133 4 20 
134 134 16 18 
135 135 11 11 
136 136 17 17 
137 137 11 19 
138 138 10 4 
139 139 3 19 
140 140 12 4 
141 141 10 7 
142 142 21 7 
143 143 1 2 
144 144 4 23 
145 145 7 8 
146 146 13 8 
147 147 8 20 
148 148 10 16 
149 149 22 1 
150 150 6 10 
151 151 5 4 
152 152 19 15 
153 153 13 19 
154 154 3 12 
155 155 19 5 
156 156 11 2 
157 157 1 7 
158 158 8 11 
159 159 5 7 
160 160 13 18 
161 161 20 4 
162 162 22 7 
163 163 14 23 
164 164 7 19 
165 165 22 8 
166 166 2 12 
167 167 19 9 
168 168 4 8 
169 169 4 16 
170 170 15 15 
171 171 9 22 
172 172 15 12 
173 173 21 21 
174 174 6 1 
175 175 0 24 
176 176 16 6 
177 177 6 19 
178 178 24 3 
179 179 19 24 
180 180 13 22 
181 181 12 5 
182 182 12 18 
183 183 12 3 
184 184 7 5 
185 185 15 3 
186 186 15 8 
187 187 5 21 
188 188 15 20 
189 189 8 5 
190 190 10 15 
191 191 1 20 
192 192 14 19 
193 193 21 18 
194 194 24 21 
195 195 8 0 
196 196 12 1 
197 197 20 18 
198 198 1 16 
199 199 16 7 
#
EDGES (from-node to-node length a b):
0 142 11 0 
0 140 6 0 
0 110 9 0 
0 61 12 0 
0 14 13 0 
1 171 22 0 
1 149 9 0 
1 78 12 0 
1 76 18 0 
1 39 11 0 
1 36 23 0 
1 21 26 0 
2 174 3 0 
2 151 4 0 
2 150 9 0 
2 139 18 0 
2 42 9 0 
3 195 10 0 
3 181 10 0 
3 164 12 0 
3 20 22 0 
4 163 22 0 
4 131 10 0 
4 116 9 0 
4 108 10 0 
4 90 5 0 
4 77 7 0 
4 55 20 0 
5 192 12 0 
5 182 11 0 
5 119 19 0 
5 48 17 0 
6 145 16 0 
6 126 23 0 
6 109 12 0 
6 84 16 0 
6 60 4 0 
7 103 10 0 
8 83 18 0 
9 190 7 0 
9 118 16 0 
9 58 16 0 
9 47 7 0 
10 45 21 0 
11 175 28 0 
11 147 21 0 
11 100 20 0 
11 17 22 0 
12 191 19 0 
12 117 12 0 
13 195 7 0 
13 112 18 0 
13 58 21 0 
14 191 19 0 
14 165 23 0 
14 140 12 0 
14 132 27 0 
15 139 21 0 
15 103 7 0 
15 91 19 0 
16 186 13 0 
16 170 7 0 
16 140 18 0 
16 131 17 0 
16 121 20 0 
16 96 24 0 
17 180 8 0 
17 91 15 0 
17 28 17 0 
18 184 11 0 
18 47 5 0 
18 44 16 0 
19 156 25 0 
19 96 29 0 
19 71 20 0 
19 69 29 0 
19 22 22 0 
20 188 6 0 
20 181 17 0 
20 124 25 0 
20 65 1 0 
20 38 17 0 
21 136 18 0 
21 117 28 0 
21 114 2 0 
21 111 24 0 
21 76 16 0 
21 75 12 0 
22 169 5 0 
22 156 21 0 
22 130 7 0 
23 163 17 0 
23 144 21 0 
23 73 7 0 
24 113 7 0 
24 87 11 0 
24 86 8 0 
25 80 18 0 
25 74 6 0 
25 28 5 0 
26 187 25 0 
26 180 23 0 
26 178 7 0 
26 101 9 0 
26 74 14 0 
27 179 2 0 
27 163 3 0 
27 108 18 0 
28 120 8 0 
28 112 19 0 
28 60 25 0 
28 49 21 0 
28 39 22 0 
29 185 11 0 
29 91 14 0 
29 59 9 0 
29 49 5 0 
30 196 16 0 
30 151 20 0 
30 135 13 0 
30 33 11 0 
31 114 28 0 
31 78 12 0 
32 133 6 0 
32 87 9 0 
33 168 19 0 
33 66 16 0 
33 62 19 0 
34 165 17 0 
34 133 6 0 
34 130 3 0 
34 105 6 0 
34 48 9 0 
35 166 11 0 
35 124 8 0 
35 115 17 0 
36 179 10 0 
37 195 14 0 
37 102 11 0 
37 60 11 0 
38 87 4 0 
38 86 18 0 
39 159 17 0 
39 129 8 0 
39 128 2 0 
39 105 11 0 
39 75 18 0 
39 60 15 0 
40 157 22 0 
40 74 15 0 
41 150 17 0 
41 97 23 0 
42 99 20 0 
43 123 7 0 
44 161 21 0 
45 191 21 0 
45 133 20 0 
45 69 5 0 
46 197 6 0 
46 155 13 0 
47 136 9 0 
47 74 3 0 
48 159 18 0 
48 60 9 0 
49 181 14 0 
49 173 6 0 
50 74 10 0 
51 130 9 0 
51 128 20 0 
51 118 17 0 
51 78 10 0 
51 73 21 0 
51 67 4 0 
52 189 8 0 
52 76 15 0 
53 113 4 0 
53 83 16 0 
53 67 19 0 
54 173 11 0 
54 90 11 0 
55 192 9 0 
55 172 14 0 
55 148 9 0 
55 114 5 0 
55 94 18 0 
55 93 18 0 
55 80 1 0 
56 153 12 0 
56 120 2 0 
56 94 13 0 
57 139 13 0 
57 118 13 0 
58 157 20 0 
58 126 20 0 
58 115 17 0 
58 114 19 0 
58 112 3 0 
58 102 18 0 
58 63 16 0 
59 156 10 0 
59 109 17 0 
59 72 13 0 
60 173 2 0 
60 169 16 0 
60 166 19 0 
61 193 6 0 
61 136 7 0 
61 62 17 0 
62 143 10 0 
63 169 24 0 
63 165 8 0 
63 141 14 0 
63 86 15 0 
63 78 15 0 
64 160 5 0 
64 156 18 0 
65 169 18 0 
65 158 17 0 
65 124 25 0 
65 92 21 0 
66 183 14 0 
66 119 18 0 
67 183 13 0 
67 161 20 0 
67 152 20 0 
67 144 16 0 
67 103 19 0 
68 150 22 0 
68 88 28 0 
69 157 9 0 
69 127 16 0 
70 80 10 0 
71 127 15 0 
71 103 11 0 
72 83 16 0 
73 170 12 0 
73 167 5 0 
73 79 9 0 
74 180 13 0 
74 134 11 0 
75 159 16 0 
75 152 9 0 
75 122 19 0 
76 184 15 0 
77 123 12 0 
78 198 13 0 
78 148 5 0 
79 190 8 0 
79 113 12 0 
80 196 22 0 
80 175 8 0 
80 164 4 0 
80 114 6 0 
80 102 19 0 
80 91 19 0 
81 153 14 0 
81 148 13 0 
81 139 20 0 
82 196 8 0 
82 150 16 0 
83 161 18 0 
83 127 9 0 
83 125 16 0 
83 123 11 0 
84 183 4 0 
85 87 22 0 
86 148 12 0 
86 135 12 0 
86 117 13 0 
86 106 18 0 
87 168 14 0 
87 146 16 0 
87 128 24 0 
87 115 4 0 
88 154 9 0 
88 119 19 0 
89 117 16 0 
90 170 14 0 
90 144 14 0 
90 132 20 0 
90 124 9 0 
91 175 19 0 
91 99 23 0 
92 166 5 0 
93 171 16 0 
93 123 7 0 
93 106 6 0 
95 160 14 0 
96 174 4 0 
96 164 16 0 
96 142 18 0 
96 97 22 0 
98 174 8 0 
98 140 3 0 
98 133 21 0 
100 133 2 0 
101 190 15 0 
101 188 14 0 
101 116 23 0 
102 155 13 0 
102 151 1 0 
103 175 20 0 
103 155 10 0 
103 116 17 0 
103 108 16 0 
104 153 15 0 
104 129 7 0 
104 123 10 0 
106 165 15 0 
106 156 4 0 
106 117 11 0 
107 194 17 0 
107 180 20 0 
107 160 16 0 
108 128 22 0 
110 199 3 0 
110 180 18 0 
110 177 18 0 
110 161 2 0 
111 163 10 0 
112 151 16 0 
113 198 13 0 
113 193 12 0 
113 163 3 0 
113 126 24 0 
113 116 15 0 
114 160 13 0 
117 129 10 0 
118 180 11 0 
118 143 22 0 
118 142 6 0 
118 141 12 0 
120 180 17 0 
121 191 21 0 
122 172 10 0 
122 131 2 0 
122 130 17 0 
124 197 23 0 
125 157 17 0 
125 152 14 0 
125 140 6 0 
126 149 15 0 
126 131 7 0 
127 130 2 0 
128 199 7 0 
129 194 11 0 
129 152 4 0 
129 130 11 0 
130 196 17 0 
130 176 14 0 
130 174 17 0 
131 154 13 0 
131 140 1 0 
132 180 4 0 
133 169 4 0 
133 135 11 0 
134 183 16 0 
135 189 7 0 
135 150 5 0 
136 187 13 0 
136 176 11 0 
137 139 8 0 
138 178 14 0 
138 162 12 0 
138 141 3 0 
140 192 15 0 
140 181 1 0 
142 161 3 0 
143 152 22 0 
144 185 23 0 
144 167 21 0 
145 190 8 0 
145 154 6 0 
147 172 11 0 
147 152 12 0 
150 175 15 0 
150 167 13 0 
150 163 15 0 
152 183 14 0 
152 175 21 0 
153 158 9 0 
154 197 18 0 
156 186 7 0 
156 177 18 0 
157 177 13 0 
160 195 19 0 
161 181 8 0 
161 173 17 0 
161 162 4 0 
166 192 14 0 
169 195 16 0 
169 186 14 0 
169 174 15 0 
169 173 18 0 
172 194 13 0 
172 175 19 0 
176 194 17 0 
177 199 16 0 
177 195 19 0 
184 189 1 0 
186 194 16 0 
195 197 22 0 
