#GRAPH (#nodes #edges id uu vv ww xx yy zz):
#200 828 geo(0,{200,25,3,0.020,0.000,0.000}) 25 
#
VERTICES (index name u v w x y z):
0 0 7 9 
1 1 2 9 
2 2 23 8 
3 3 20 8 
4 4 1 23 
5 5 0 23 
6 6 12 4 
7 7 24 4 
8 8 11 19 
9 9 9 20 
10 10 13 7 
11 11 12 15 
12 12 4 11 
13 13 14 6 
14 14 21 8 
15 15 2 0 
16 16 5 2 
17 17 20 13 
18 18 16 3 
19 19 14 10 
20 20 18 17 
21 21 13 22 
22 22 13 21 
23 23 18 2 
24 24 17 7 
25 25 7 1 
26 26 14 12 
27 27 0 9 
28 28 14 2 
29 29 0 11 
30 30 9 18 
31 31 20 5 
32 32 17 1 
33 33 22 8 
34 34 6 11 
35 35 12 1 
36 36 24 20 
37 37 11 1 
38 38 8 21 
39 39 21 19 
40 40 9 21 
41 41 16 12 
42 42 8 19 
43 43 20 2 
44 44 14 24 
45 45 21 15 
46 46 12 19 
47 47 10 3 
48 48 9 4 
49 49 5 10 
50 50 24 16 
51 51 19 10 
52 52 0 18 
53 53 3 1 
54 54 13 19 
55 55 15 1 
56 56 14 20 
57 57 23 13 
58 58 6 9 
59 59 22 0 
60 60 6 7 
61 61 7 12 
62 62 3 12 
63 63 20 3 
64 64 10 4 
65 65 15 6 
66 66 7 11 
67 67 12 22 
68 68 21 18 
69 69 22 15 
70 70 21 14 
71 71 2 2 
72 72 16 1 
73 73 23 21 
74 74 1 18 
75 75 14 22 
76 76 9 12 
77 77 22 2 
78 78 12 9 
79 79 15 15 
80 80 1 1 
81 81 18 20 
82 82 24 5 
83 83 11 2 
84 84 21 1 
85 85 7 2 
86 86 23 18 
87 87 9 8 
88 88 21 5 
89 89 22 5 
90 90 24 21 
91 91 5 7 
92 92 15 24 
93 93 7 10 
94 94 2 7 
95 95 5 0 
96 96 18 0 
97 97 14 0 
98 98 17 20 
99 99 14 3 
100 100 5 9 
101 101 4 3 
102 102 5 22 
103 103 11 10 
104 104 13 12 
105 105 9 2 
106 106 9 16 
107 107 5 20 
108 108 5 24 
109 109 24 17 
110 110 8 6 
111 111 19 5 
112 112 10 14 
113 113 8 17 
114 114 10 15 
115 115 16 14 
116 116 21 7 
117 117 0 15 
118 118 24 24 
119 119 24 10 
120 120 2 3 
121 121 13 10 
122 122 14 1 
123 123 8 16 
124 124 8 20 
125 125 23 4 
126 126 12 10 
127 127 0 21 
128 128 0 6 
129 129 11 15 
130 130 10 8 
131 131 18 21 
132 132 17 22 
133 133 10 16 
134 134 3 24 
135 135 3 22 
136 136 2 11 
137 137 21 10 
138 138 2 14 
139 139 16 4 
140 140 3 18 
141 141 24 6 
142 142 5 23 
143 143 20 19 
144 144 9 9 
145 145 12 11 
146 146 11 5 
147 147 23 11 
148 148 11 13 
149 149 13 8 
150 150 13 20 
151 151 19 23 
152 152 0 20 
153 153 19 8 
154 154 19 12 
155 155 9 5 
156 156 6 10 
157 157 1 2 
158 158 16 7 
159 159 4 7 
160 160 8 9 
161 161 21 9 
162 162 2 15 
163 163 0 4 
164 164 8 3 
165 165 10 18 
166 166 9 17 
167 167 20 7 
168 168 6 12 
169 169 4 2 
170 170 2 13 
171 171 18 18 
172 172 22 17 
173 173 7 16 
174 174 11 11 
175 175 15 13 
176 176 8 10 
177 177 3 14 
178 178 2 1 
179 179 6 8 
180 180 19 19 
181 181 6 14 
182 182 23 22 
183 183 4 16 
184 184 15 0 
185 185 13 18 
186 186 0 14 
187 187 22 20 
188 188 6 15 
189 189 11 6 
190 190 3 19 
191 191 9 22 
192 192 11 7 
193 193 10 13 
194 194 21 6 
195 195 13 17 
196 196 8 4 
197 197 18 5 
198 198 1 20 
199 199 20 18 
#
EDGES (from-node to-node length a b):
0 187 19 0 
0 154 12 0 
0 45 15 0 
0 31 14 0 
0 24 10 0 
1 195 14 0 
1 147 21 0 
1 112 9 0 
1 29 3 0 
2 189 12 0 
2 145 11 0 
2 115 9 0 
2 82 3 0 
2 32 9 0 
2 30 17 0 
2 21 17 0 
3 121 7 0 
3 107 19 0 
3 97 10 0 
3 79 9 0 
4 190 4 0 
4 62 11 0 
4 57 24 0 
4 52 5 0 
4 45 22 0 
5 132 17 0 
5 51 23 0 
5 21 13 0 
6 100 9 0 
6 87 5 0 
6 31 8 0 
7 173 21 0 
7 152 29 0 
7 149 12 0 
7 115 13 0 
7 19 12 0 
8 164 16 0 
8 75 4 0 
8 57 13 0 
8 25 18 0 
9 163 18 0 
9 131 9 0 
9 126 10 0 
10 183 13 0 
10 151 17 0 
10 128 13 0 
10 103 4 0 
10 97 7 0 
10 84 10 0 
10 43 9 0 
11 51 9 0 
11 14 11 0 
12 157 9 0 
12 88 18 0 
13 107 17 0 
13 87 5 0 
13 80 14 0 
13 76 8 0 
13 14 7 0 
14 180 11 0 
14 122 10 0 
14 114 13 0 
14 61 15 0 
15 89 21 0 
15 83 9 0 
15 25 5 0 
16 190 17 0 
16 146 7 0 
16 106 15 0 
17 172 4 0 
17 127 22 0 
18 103 9 0 
18 56 17 0 
19 179 8 0 
19 123 8 0 
19 95 13 0 
20 180 2 0 
20 78 10 0 
20 52 18 0 
20 34 13 0 
21 129 7 0 
21 71 23 0 
21 61 12 0 
22 186 15 0 
22 168 11 0 
22 145 10 0 
22 121 11 0 
22 48 17 0 
22 25 21 0 
23 180 17 0 
23 168 16 0 
23 156 14 0 
23 142 25 0 
23 123 17 0 
23 108 26 0 
23 101 14 0 
23 96 2 0 
23 50 15 0 
24 141 7 0 
24 60 11 0 
24 37 8 0 
25 38 20 0 
25 33 17 0 
26 191 11 0 
26 157 16 0 
26 136 12 0 
26 59 14 0 
27 162 6 0 
27 158 16 0 
27 91 5 0 
27 61 8 0 
27 44 21 0 
27 43 21 0 
28 194 8 0 
28 51 9 0 
28 34 12 0 
29 170 3 0 
29 73 25 0 
29 64 12 0 
30 127 9 0 
30 113 1 0 
30 110 12 0 
30 91 12 0 
31 178 18 0 
31 168 16 0 
32 51 9 0 
33 114 14 0 
33 83 13 0 
33 77 6 0 
34 132 16 0 
34 122 13 0 
34 111 14 0 
34 75 14 0 
34 41 10 0 
35 195 16 0 
35 134 25 0 
35 46 18 0 
35 44 23 0 
35 43 8 0 
36 196 23 0 
36 171 6 0 
36 109 3 0 
36 53 28 0 
37 178 9 0 
37 166 16 0 
37 139 6 0 
37 110 6 0 
37 87 7 0 
38 190 5 0 
38 158 16 0 
38 153 17 0 
38 79 9 0 
39 196 20 0 
39 89 14 0 
39 75 8 0 
40 183 7 0 
40 98 8 0 
40 94 16 0 
40 78 12 0 
41 163 18 0 
41 108 16 0 
41 43 11 0 
42 186 9 0 
42 140 5 0 
42 126 10 0 
42 89 20 0 
43 197 4 0 
43 192 10 0 
43 158 6 0 
43 106 18 0 
43 75 21 0 
43 68 16 0 
43 55 5 0 
44 118 10 0 
44 106 9 0 
44 47 21 0 
45 119 6 0 
45 78 11 0 
46 123 5 0 
46 79 5 0 
47 195 14 0 
47 145 8 0 
47 68 19 0 
48 187 21 0 
48 84 12 0 
48 72 8 0 
48 58 6 0 
48 51 12 0 
49 163 8 0 
49 78 7 0 
50 140 21 0 
50 136 23 0 
51 151 13 0 
51 100 14 0 
52 158 19 0 
52 128 12 0 
52 88 25 0 
52 58 11 0 
53 121 13 0 
54 139 15 0 
54 102 9 0 
54 94 16 0 
55 171 17 0 
55 101 11 0 
55 97 1 0 
56 196 17 0 
56 141 17 0 
56 103 10 0 
56 91 16 0 
57 186 23 0 
57 185 11 0 
57 78 12 0 
58 156 1 0 
58 78 6 0 
58 76 4 0 
59 197 6 0 
61 193 3 0 
61 173 4 0 
61 132 14 0 
61 73 18 0 
62 172 20 0 
62 169 10 0 
62 162 3 0 
62 99 14 0 
62 88 19 0 
62 65 13 0 
63 104 11 0 
63 72 4 0 
64 122 5 0 
64 67 18 0 
65 183 15 0 
65 71 14 0 
65 66 9 0 
66 74 9 0 
67 164 19 0 
67 145 11 0 
67 112 8 0 
68 180 2 0 
68 154 6 0 
68 130 15 0 
68 114 11 0 
68 74 20 0 
69 114 12 0 
70 178 23 0 
70 97 16 0 
70 73 7 0 
71 185 19 0 
71 175 17 0 
71 161 20 0 
71 149 13 0 
71 112 14 0 
71 106 16 0 
71 97 12 0 
72 136 17 0 
73 191 14 0 
73 117 24 0 
73 107 18 0 
73 75 9 0 
75 118 10 0 
75 115 8 0 
75 94 19 0 
76 122 12 0 
77 186 25 0 
77 182 20 0 
77 178 20 0 
77 167 5 0 
77 143 17 0 
77 128 22 0 
77 99 8 0 
78 185 9 0 
79 110 11 0 
79 91 13 0 
80 184 14 0 
80 170 12 0 
80 89 21 0 
81 132 2 0 
83 170 14 0 
83 133 14 0 
83 120 9 0 
83 93 9 0 
84 174 14 0 
84 139 6 0 
85 97 7 0 
86 107 18 0 
86 102 18 0 
87 107 13 0 
87 103 3 0 
88 125 2 0 
88 107 22 0 
89 171 14 0 
89 99 8 0 
90 198 23 0 
90 188 19 0 
90 122 22 0 
91 120 5 0 
91 99 10 0 
92 173 11 0 
92 165 8 0 
92 138 16 0 
92 131 4 0 
95 150 22 0 
95 119 21 0 
96 107 24 0 
96 102 26 0 
98 197 15 0 
98 183 14 0 
98 139 16 0 
98 122 19 0 
99 195 14 0 
99 153 7 0 
99 146 4 0 
101 192 8 0 
101 140 15 0 
102 144 14 0 
102 129 9 0 
103 187 15 0 
103 177 9 0 
103 174 1 0 
103 173 7 0 
103 172 13 0 
103 162 10 0 
103 115 6 0 
104 150 8 0 
104 138 11 0 
104 115 4 0 
104 110 8 0 
105 145 9 0 
106 199 11 0 
106 188 3 0 
106 164 13 0 
106 140 6 0 
107 198 4 0 
107 189 15 0 
108 145 15 0 
109 177 21 0 
109 150 11 0 
110 179 3 0 
111 137 5 0 
112 137 12 0 
112 121 5 0 
114 181 4 0 
114 120 14 0 
115 139 10 0 
115 126 6 0 
115 117 16 0 
116 183 19 0 
116 149 8 0 
117 142 9 0 
120 195 18 0 
120 174 12 0 
120 163 2 0 
120 131 24 0 
121 179 7 0 
121 137 8 0 
122 193 13 0 
122 149 7 0 
122 123 16 0 
123 134 9 0 
123 132 11 0 
123 125 19 0 
124 171 10 0 
124 125 22 0 
125 178 21 0 
127 162 6 0 
128 197 18 0 
128 168 8 0 
130 188 8 0 
130 136 9 0 
131 145 12 0 
133 179 9 0 
134 187 19 0 
134 182 20 0 
134 141 28 0 
135 158 20 0 
135 151 16 0 
136 169 9 0 
137 160 13 0 
137 149 8 0 
138 159 7 0 
139 198 22 0 
140 186 5 0 
142 172 18 0 
143 192 15 0 
143 189 16 0 
143 181 15 0 
143 151 4 0 
144 186 10 0 
144 163 10 0 
145 165 7 0 
145 146 6 0 
146 199 16 0 
146 168 9 0 
147 180 9 0 
148 199 10 0 
148 183 8 0 
148 160 5 0 
148 152 13 0 
149 157 13 0 
154 164 14 0 
154 157 21 0 
155 176 5 0 
156 175 9 0 
156 157 9 0 
160 176 1 0 
163 167 20 0 
168 194 16 0 
169 190 17 0 
176 193 4 0 
177 193 7 0 
182 195 11 0 
186 189 14 0 
188 195 7 0 
189 198 17 0 
194 197 3 0 
