#GRAPH (#nodes #edges id uu vv ww xx yy zz):
#200 730 geo(0,{200,25,3,0.020,0.000,0.000}) 25 
#
VERTICES (index name u v w x y z):
0 0 3 3 
1 1 4 4 
2 2 6 16 
3 3 0 22 
4 4 9 17 
5 5 17 18 
6 6 12 21 
7 7 15 11 
8 8 8 15 
9 9 17 1 
10 10 5 21 
11 11 12 14 
12 12 5 19 
13 13 13 15 
14 14 24 5 
15 15 1 16 
16 16 16 5 
17 17 18 12 
18 18 21 21 
19 19 1 11 
20 20 22 22 
21 21 22 20 
22 22 10 19 
23 23 16 3 
24 24 12 4 
25 25 2 3 
26 26 20 22 
27 27 16 4 
28 28 13 13 
29 29 0 5 
30 30 9 21 
31 31 18 3 
32 32 12 7 
33 33 0 11 
34 34 9 22 
35 35 4 13 
36 36 14 13 
37 37 3 4 
38 38 10 0 
39 39 16 16 
40 40 16 20 
41 41 11 13 
42 42 24 12 
43 43 4 5 
44 44 19 4 
45 45 9 4 
46 46 8 1 
47 47 5 24 
48 48 11 24 
49 49 9 11 
50 50 22 6 
51 51 14 4 
52 52 11 4 
53 53 22 13 
54 54 12 8 
55 55 9 18 
56 56 24 21 
57 57 4 21 
58 58 2 9 
59 59 4 0 
60 60 21 15 
61 61 3 20 
62 62 0 12 
63 63 11 12 
64 64 5 23 
65 65 1 15 
66 66 19 14 
67 67 20 20 
68 68 24 16 
69 69 3 14 
70 70 18 2 
71 71 18 4 
72 72 24 19 
73 73 13 14 
74 74 18 21 
75 75 18 18 
76 76 15 24 
77 77 1 18 
78 78 17 20 
79 79 17 2 
80 80 17 8 
81 81 23 20 
82 82 17 7 
83 83 4 16 
84 84 2 7 
85 85 23 0 
86 86 16 13 
87 87 17 17 
88 88 2 16 
89 89 12 2 
90 90 8 6 
91 91 23 9 
92 92 2 18 
93 93 3 23 
94 94 0 19 
95 95 24 15 
96 96 1 6 
97 97 10 18 
98 98 0 3 
99 99 13 18 
100 100 20 5 
101 101 5 20 
102 102 22 8 
103 103 7 9 
104 104 9 20 
105 105 14 17 
106 106 6 3 
107 107 8 9 
108 108 12 18 
109 109 21 24 
110 110 21 10 
111 111 13 8 
112 112 20 6 
113 113 24 1 
114 114 4 23 
115 115 1 24 
116 116 6 18 
117 117 20 3 
118 118 2 15 
119 119 9 10 
120 120 2 1 
121 121 18 0 
122 122 12 0 
123 123 10 22 
124 124 8 7 
125 125 12 23 
126 126 23 15 
127 127 11 11 
128 128 4 11 
129 129 15 21 
130 130 8 21 
131 131 8 0 
132 132 10 13 
133 133 19 9 
134 134 11 17 
135 135 21 9 
136 136 17 22 
137 137 9 23 
138 138 14 8 
139 139 7 6 
140 140 14 0 
141 141 2 13 
142 142 21 17 
143 143 1 23 
144 144 6 11 
145 145 15 9 
146 146 18 8 
147 147 4 22 
148 148 12 6 
149 149 13 22 
150 150 19 21 
151 151 1 14 
152 152 2 6 
153 153 2 17 
154 154 4 10 
155 155 1 1 
156 156 6 12 
157 157 20 14 
158 158 4 17 
159 159 24 17 
160 160 22 7 
161 161 17 19 
162 162 18 14 
163 163 21 0 
164 164 1 13 
165 165 12 1 
166 166 24 2 
167 167 20 1 
168 168 9 16 
169 169 15 22 
170 170 9 24 
171 171 11 23 
172 172 10 15 
173 173 19 5 
174 174 22 4 
175 175 9 3 
176 176 10 11 
177 177 13 1 
178 178 22 12 
179 179 1 20 
180 180 2 10 
181 181 12 20 
182 182 20 23 
183 183 14 18 
184 184 7 1 
185 185 9 13 
186 186 15 15 
187 187 13 4 
188 188 14 22 
189 189 3 13 
190 190 7 21 
191 191 11 19 
192 192 14 6 
193 193 4 1 
194 194 17 11 
195 195 13 16 
196 196 12 10 
197 197 17 23 
198 198 11 3 
199 199 10 1 
#
EDGES (from-node to-node length a b):
0 146 16 0 
0 65 12 0 
0 1 1 0 
1 162 17 0 
1 95 23 0 
1 65 11 0 
2 124 9 0 
2 103 7 0 
2 31 18 0 
2 16 15 0 
2 9 19 0 
3 160 27 0 
3 159 25 0 
3 156 12 0 
3 31 26 0 
4 188 7 0 
4 98 17 0 
4 23 16 0 
5 186 4 0 
5 142 4 0 
5 116 11 0 
5 101 12 0 
5 41 8 0 
6 198 18 0 
6 182 8 0 
6 150 7 0 
7 176 5 0 
7 130 12 0 
7 78 9 0 
8 114 9 0 
8 89 14 0 
8 41 4 0 
9 181 20 0 
9 106 11 0 
9 55 19 0 
10 156 9 0 
10 105 10 0 
10 77 5 0 
10 48 7 0 
10 35 8 0 
10 15 6 0 
11 194 6 0 
12 165 19 0 
12 162 14 0 
12 129 10 0 
12 24 17 0 
13 140 15 0 
13 97 4 0 
13 80 8 0 
13 23 12 0 
14 154 21 0 
14 32 12 0 
15 143 7 0 
15 109 22 0 
15 21 21 0 
16 87 12 0 
16 77 20 0 
16 17 7 0 
17 166 12 0 
17 152 17 0 
18 153 19 0 
18 96 25 0 
18 53 8 0 
19 149 16 0 
19 113 25 0 
19 54 11 0 
20 118 21 0 
20 24 21 0 
21 96 25 0 
21 49 16 0 
22 197 8 0 
22 51 16 0 
23 186 12 0 
23 185 12 0 
23 176 10 0 
23 151 19 0 
23 123 20 0 
23 100 4 0 
23 77 21 0 
23 76 21 0 
23 67 17 0 
23 31 2 0 
24 199 4 0 
24 77 18 0 
24 31 6 0 
25 191 18 0 
25 156 10 0 
25 114 20 0 
26 173 17 0 
26 161 4 0 
26 105 8 0 
26 41 13 0 
27 145 5 0 
28 162 5 0 
28 148 7 0 
28 94 14 0 
28 63 2 0 
29 108 18 0 
29 79 17 0 
30 102 18 0 
30 60 13 0 
30 54 13 0 
30 33 13 0 
31 176 11 0 
31 120 16 0 
31 104 19 0 
31 35 17 0 
32 52 3 0 
32 48 17 0 
33 198 14 0 
33 196 12 0 
33 189 4 0 
33 175 12 0 
34 178 16 0 
34 175 19 0 
34 105 7 0 
34 38 22 0 
35 71 17 0 
36 160 10 0 
37 198 8 0 
38 174 13 0 
39 175 15 0 
39 125 8 0 
39 108 4 0 
39 95 8 0 
39 67 6 0 
40 171 6 0 
40 158 12 0 
40 150 3 0 
40 66 7 0 
40 58 18 0 
41 112 11 0 
42 195 12 0 
42 184 20 0 
42 92 23 0 
42 91 3 0 
43 173 15 0 
43 91 19 0 
43 54 9 0 
43 52 7 0 
44 187 6 0 
44 167 3 0 
45 54 5 0 
46 199 2 0 
46 122 4 0 
46 96 9 0 
46 50 15 0 
47 195 11 0 
47 143 4 0 
48 182 9 0 
48 154 16 0 
48 136 6 0 
49 152 9 0 
49 137 12 0 
49 120 12 0 
49 117 14 0 
50 176 13 0 
50 158 21 0 
50 118 22 0 
51 162 11 0 
51 115 24 0 
52 152 9 0 
52 148 2 0 
52 123 18 0 
52 102 12 0 
52 59 8 0 
52 53 14 0 
53 196 10 0 
53 177 15 0 
53 140 15 0 
53 69 19 0 
53 62 22 0 
54 119 4 0 
54 94 16 0 
54 66 9 0 
55 171 5 0 
55 81 14 0 
56 135 12 0 
57 181 8 0 
58 192 12 0 
58 178 20 0 
58 159 23 0 
59 84 7 0 
60 187 14 0 
60 124 15 0 
61 139 15 0 
61 101 2 0 
61 88 4 0 
62 141 2 0 
63 173 11 0 
63 114 13 0 
64 196 15 0 
64 177 23 0 
64 77 6 0 
66 170 14 0 
66 78 6 0 
67 186 7 0 
67 181 8 0 
67 172 11 0 
67 163 20 0 
67 149 7 0 
67 88 18 0 
67 71 16 0 
67 69 18 0 
68 179 23 0 
68 159 1 0 
68 133 9 0 
68 116 18 0 
69 187 14 0 
69 150 17 0 
69 127 9 0 
69 117 20 0 
70 153 22 0 
70 145 8 0 
70 142 15 0 
70 136 20 0 
70 77 23 0 
72 180 24 0 
72 166 17 0 
72 161 7 0 
72 148 18 0 
73 129 7 0 
73 78 7 0 
74 185 12 0 
74 130 10 0 
75 144 14 0 
75 140 18 0 
76 161 5 0 
77 165 20 0 
77 85 28 0 
78 176 11 0 
78 169 3 0 
78 134 7 0 
78 122 21 0 
79 176 11 0 
79 168 16 0 
80 184 12 0 
80 177 8 0 
80 126 9 0 
80 82 1 0 
81 105 9 0 
81 103 19 0 
82 175 9 0 
82 135 4 0 
82 122 9 0 
82 120 16 0 
82 89 7 0 
83 138 13 0 
85 184 16 0 
86 114 16 0 
87 169 5 0 
88 157 18 0 
89 183 16 0 
89 145 8 0 
90 192 6 0 
90 152 6 0 
91 150 13 0 
92 180 8 0 
93 197 14 0 
93 186 14 0 
93 185 12 0 
94 161 17 0 
94 128 9 0 
94 111 17 0 
95 190 18 0 
95 159 2 0 
95 118 22 0 
95 114 22 0 
95 101 20 0 
97 199 17 0 
97 118 9 0 
97 101 5 0 
98 183 21 0 
98 146 19 0 
98 137 22 0 
99 159 11 0 
99 152 16 0 
99 123 5 0 
100 135 4 0 
100 124 12 0 
100 105 13 0 
101 145 15 0 
103 179 13 0 
103 167 15 0 
103 128 4 0 
103 118 8 0 
104 199 19 0 
104 127 9 0 
104 118 9 0 
105 187 13 0 
105 154 12 0 
105 150 6 0 
105 137 8 0 
106 132 11 0 
107 151 9 0 
107 146 10 0 
108 199 17 0 
108 178 12 0 
108 120 20 0 
109 169 6 0 
110 172 12 0 
110 166 9 0 
111 155 14 0 
113 155 23 0 
114 190 4 0 
115 192 22 0 
115 142 21 0 
118 175 14 0 
119 189 7 0 
119 140 11 0 
119 136 14 0 
120 176 13 0 
121 151 22 0 
124 198 5 0 
125 161 6 0 
127 186 6 0 
127 176 1 0 
128 143 12 0 
128 130 11 0 
129 198 18 0 
131 194 14 0 
131 141 14 0 
133 199 12 0 
133 194 3 0 
133 159 9 0 
135 198 12 0 
138 194 4 0 
138 189 12 0 
138 157 8 0 
139 144 5 0 
141 186 13 0 
141 177 16 0 
141 175 12 0 
141 160 21 0 
143 199 24 0 
143 189 10 0 
143 186 16 0 
143 184 23 0 
145 166 11 0 
147 178 21 0 
147 174 25 0 
148 163 11 0 
148 158 14 0 
149 181 2 0 
150 192 16 0 
150 174 17 0 
150 152 23 0 
151 155 13 0 
154 193 9 0 
155 170 24 0 
156 163 19 0 
159 167 16 0 
162 169 9 0 
164 199 15 0 
167 184 13 0 
167 171 24 0 
168 190 5 0 
169 187 18 0 
171 192 17 0 
172 188 8 0 
176 199 10 0 
179 194 18 0 
183 196 8 0 
185 188 10 0 
191 199 18 0 
