#GRAPH (#nodes #edges id uu vv ww xx yy zz):
#200 802 geo(0,{200,25,3,0.020,0.000,0.000}) 25 
#
VERTICES (index name u v w x y z):
0 0 10 20 
1 1 14 0 
2 2 18 14 
3 3 18 2 
4 4 12 20 
5 5 5 7 
6 6 20 19 
7 7 0 19 
8 8 5 11 
9 9 2 15 
10 10 3 0 
11 11 11 8 
12 12 20 7 
13 13 6 8 
14 14 5 0 
15 15 19 20 
16 16 20 13 
17 17 9 1 
18 18 3 7 
19 19 14 10 
20 20 20 12 
21 21 13 4 
22 22 17 13 
23 23 22 15 
24 24 7 1 
25 25 11 0 
26 26 17 14 
27 27 13 0 
28 28 4 8 
29 29 7 0 
30 30 20 18 
31 31 21 21 
32 32 24 20 
33 33 19 17 
34 34 20 14 
35 35 1 13 
36 36 14 13 
37 37 18 17 
38 38 4 10 
39 39 16 4 
40 40 18 16 
41 41 17 0 
42 42 8 23 
43 43 24 9 
44 44 8 9 
45 45 1 3 
46 46 13 13 
47 47 16 22 
48 48 14 3 
49 49 8 12 
50 50 21 16 
51 51 3 1 
52 52 4 12 
53 53 21 24 
54 54 20 16 
55 55 1 17 
56 56 4 9 
57 57 20 5 
58 58 19 16 
59 59 15 12 
60 60 3 10 
61 61 19 14 
62 62 23 10 
63 63 21 5 
64 64 18 12 
65 65 3 13 
66 66 16 16 
67 67 24 3 
68 68 12 8 
69 69 0 8 
70 70 24 8 
71 71 5 19 
72 72 7 8 
73 73 17 8 
74 74 17 15 
75 75 20 2 
76 76 5 13 
77 77 15 15 
78 78 8 10 
79 79 6 2 
80 80 4 14 
81 81 10 16 
82 82 21 17 
83 83 9 4 
84 84 11 23 
85 85 20 4 
86 86 16 10 
87 87 8 13 
88 88 10 10 
89 89 11 1 
90 90 22 11 
91 91 7 2 
92 92 22 10 
93 93 5 18 
94 94 1 16 
95 95 15 16 
96 96 18 7 
97 97 14 19 
98 98 14 5 
99 99 1 7 
100 100 20 0 
101 101 19 5 
102 102 11 20 
103 103 24 11 
104 104 1 18 
105 105 5 1 
106 106 18 24 
107 107 22 13 
108 108 13 11 
109 109 12 24 
110 110 15 4 
111 111 8 22 
112 112 18 15 
113 113 18 20 
114 114 5 16 
115 115 7 4 
116 116 22 23 
117 117 12 9 
118 118 10 15 
119 119 24 21 
120 120 9 10 
121 121 10 5 
122 122 1 12 
123 123 24 4 
124 124 6 15 
125 125 14 6 
126 126 12 1 
127 127 19 1 
128 128 4 6 
129 129 4 1 
130 130 6 18 
131 131 8 4 
132 132 18 21 
133 133 6 6 
134 134 6 13 
135 135 12 21 
136 136 24 0 
137 137 22 22 
138 138 8 24 
139 139 14 12 
140 140 2 17 
141 141 19 24 
142 142 0 24 
143 143 19 10 
144 144 2 1 
145 145 1 22 
146 146 20 20 
147 147 23 18 
148 148 0 3 
149 149 5 22 
150 150 10 13 
151 151 19 0 
152 152 19 8 
153 153 15 9 
154 154 9 14 
155 155 5 17 
156 156 3 21 
157 157 6 17 
158 158 24 16 
159 159 11 19 
160 160 2 8 
161 161 23 12 
162 162 1 23 
163 163 7 16 
164 164 10 7 
165 165 17 22 
166 166 23 22 
167 167 6 10 
168 168 1 2 
169 169 15 8 
170 170 14 11 
171 171 24 5 
172 172 21 0 
173 173 15 0 
174 174 12 12 
175 175 18 6 
176 176 17 2 
177 177 3 4 
178 178 13 6 
179 179 12 11 
180 180 15 21 
181 181 2 2 
182 182 11 4 
183 183 16 1 
184 184 18 3 
185 185 0 0 
186 186 15 7 
187 187 16 11 
188 188 3 3 
189 189 23 16 
190 190 0 7 
191 191 4 22 
192 192 22 18 
193 193 19 21 
194 194 21 7 
195 195 24 1 
196 196 14 4 
197 197 18 10 
198 198 17 6 
199 199 14 15 
#
EDGES (from-node to-node length a b):
0 193 9 0 
0 169 13 0 
0 147 13 0 
0 76 9 0 
0 44 11 0 
1 176 4 0 
1 120 11 0 
1 20 13 0 
2 176 12 0 
2 118 8 0 
2 78 11 0 
2 25 16 0 
3 155 20 0 
3 130 20 0 
3 45 17 0 
3 37 15 0 
4 138 6 0 
4 115 17 0 
4 73 13 0 
4 71 7 0 
5 118 9 0 
5 73 12 0 
5 43 19 0 
6 192 2 0 
6 50 3 0 
6 15 1 0 
7 142 5 0 
7 129 18 0 
7 105 19 0 
7 86 18 0 
7 48 21 0 
7 46 14 0 
8 132 16 0 
8 78 3 0 
8 53 21 0 
9 44 8 0 
9 30 18 0 
10 188 3 0 
10 185 3 0 
10 148 4 0 
10 141 29 0 
10 130 18 0 
10 105 2 0 
10 88 12 0 
10 60 10 0 
11 186 4 0 
11 134 7 0 
11 75 11 0 
12 79 15 0 
13 160 4 0 
13 131 4 0 
13 119 22 0 
13 87 5 0 
14 182 7 0 
14 176 12 0 
14 31 26 0 
15 184 17 0 
15 129 24 0 
15 53 4 0 
16 148 22 0 
16 113 7 0 
16 66 5 0 
16 38 16 0 
17 168 8 0 
17 127 10 0 
17 90 16 0 
18 145 15 0 
18 129 6 0 
18 51 6 0 
18 49 7 0 
18 24 7 0 
18 21 10 0 
19 195 13 0 
19 182 7 0 
19 82 10 0 
19 52 10 0 
19 49 6 0 
20 196 10 0 
20 83 14 0 
20 21 11 0 
21 179 7 0 
21 164 4 0 
21 118 11 0 
22 25 14 0 
23 184 13 0 
23 140 20 0 
23 106 10 0 
23 99 22 0 
23 56 19 0 
23 53 9 0 
24 195 17 0 
24 187 13 0 
24 132 23 0 
24 107 19 0 
24 101 13 0 
24 61 18 0 
25 178 6 0 
25 122 16 0 
25 52 14 0 
26 176 12 0 
26 93 13 0 
26 79 16 0 
27 199 15 0 
27 183 3 0 
27 176 4 0 
27 163 17 0 
27 116 25 0 
27 64 13 0 
27 62 14 0 
27 41 4 0 
28 123 20 0 
28 120 5 0 
28 43 20 0 
29 124 15 0 
29 118 15 0 
29 100 13 0 
29 66 18 0 
29 43 19 0 
30 132 4 0 
30 106 6 0 
31 182 20 0 
31 154 14 0 
31 123 17 0 
31 84 10 0 
31 74 7 0 
32 177 26 0 
32 115 23 0 
32 42 16 0 
32 36 12 0 
33 141 7 0 
33 102 9 0 
33 67 15 0 
33 39 13 0 
34 50 2 0 
34 36 6 0 
35 148 10 0 
36 198 8 0 
38 144 9 0 
38 127 17 0 
38 77 12 0 
39 186 3 0 
39 161 11 0 
39 94 19 0 
40 143 6 0 
40 90 6 0 
41 173 2 0 
41 125 7 0 
41 94 23 0 
41 81 17 0 
41 60 17 0 
42 164 16 0 
42 142 8 0 
42 78 13 0 
43 161 3 0 
43 119 12 0 
43 54 8 0 
44 185 12 0 
44 174 5 0 
44 56 4 0 
45 138 22 0 
45 125 13 0 
45 122 9 0 
46 186 6 0 
46 118 4 0 
46 117 4 0 
46 105 14 0 
46 84 10 0 
47 174 11 0 
47 134 13 0 
47 127 21 0 
47 77 7 0 
47 62 14 0 
48 194 8 0 
48 156 21 0 
48 147 17 0 
48 110 1 0 
48 109 21 0 
48 98 2 0 
48 81 14 0 
48 65 15 0 
48 59 9 0 
50 145 21 0 
50 117 11 0 
51 188 2 0 
51 135 22 0 
52 140 5 0 
53 169 17 0 
53 147 6 0 
53 138 13 0 
53 116 1 0 
53 86 15 0 
54 99 21 0 
54 79 20 0 
55 147 22 0 
55 112 17 0 
55 77 14 0 
55 56 9 0 
56 198 13 0 
56 153 11 0 
56 135 14 0 
56 116 23 0 
56 103 20 0 
56 89 11 0 
56 67 21 0 
56 59 11 0 
57 198 3 0 
57 96 3 0 
57 83 11 0 
57 74 10 0 
58 182 14 0 
58 132 5 0 
58 64 4 0 
59 61 4 0 
61 197 4 0 
61 138 15 0 
61 78 12 0 
62 181 22 0 
62 118 14 0 
62 106 15 0 
62 95 10 0 
63 179 11 0 
63 90 6 0 
64 128 15 0 
64 107 4 0 
65 164 9 0 
65 158 21 0 
65 155 4 0 
66 183 15 0 
66 125 10 0 
66 98 11 0 
66 88 8 0 
67 183 8 0 
68 173 9 0 
68 121 4 0 
68 90 10 0 
69 183 17 0 
69 89 13 0 
70 159 17 0 
70 107 5 0 
70 105 20 0 
71 93 1 0 
71 82 16 0 
71 78 9 0 
72 164 3 0 
72 74 12 0 
73 146 12 0 
74 184 12 0 
74 143 5 0 
76 142 12 0 
76 91 11 0 
77 113 6 0 
78 125 7 0 
79 166 26 0 
79 80 12 0 
80 168 12 0 
80 164 9 0 
80 86 13 0 
81 185 19 0 
81 135 5 0 
82 198 12 0 
82 195 16 0 
82 191 18 0 
82 102 10 0 
82 99 22 0 
83 169 7 0 
83 149 18 0 
83 102 16 0 
84 171 22 0 
84 137 11 0 
84 119 13 0 
85 168 19 0 
85 152 4 0 
85 144 18 0 
86 154 8 0 
86 148 17 0 
86 129 15 0 
86 95 6 0 
86 91 12 0 
87 161 15 0 
87 152 12 0 
87 134 2 0 
88 177 9 0 
88 174 3 0 
89 138 23 0 
89 135 20 0 
90 183 12 0 
90 135 14 0 
90 122 21 0 
91 171 17 0 
91 97 18 0 
92 138 20 0 
92 128 18 0 
93 160 10 0 
94 144 15 0 
94 143 19 0 
95 155 10 0 
95 142 17 0 
96 147 12 0 
97 99 18 0 
98 157 14 0 
98 122 15 0 
98 116 20 0 
98 106 19 0 
99 189 24 0 
99 141 25 0 
99 129 7 0 
100 160 20 0 
100 147 18 0 
100 117 12 0 
101 160 17 0 
101 149 22 0 
102 190 17 0 
102 187 10 0 
103 160 22 0 
104 197 19 0 
104 152 21 0 
104 110 20 0 
107 182 14 0 
107 175 8 0 
107 132 9 0 
108 194 9 0 
108 191 14 0 
108 179 1 0 
108 123 13 0 
109 119 12 0 
109 111 4 0 
110 194 7 0 
110 193 17 0 
110 168 14 0 
110 150 10 0 
110 137 19 0 
111 164 15 0 
111 112 12 0 
112 198 9 0 
113 180 3 0 
114 170 10 0 
114 135 9 0 
115 150 9 0 
116 156 19 0 
116 153 16 0 
118 172 19 0 
118 133 10 0 
118 130 5 0 
118 128 11 0 
119 134 20 0 
120 177 8 0 
120 151 14 0 
120 145 14 0 
120 122 8 0 
122 193 20 0 
124 148 13 0 
125 197 6 0 
125 186 1 0 
125 127 7 0 
126 162 25 0 
129 189 24 0 
131 151 12 0 
131 136 16 0 
132 154 11 0 
132 143 11 0 
136 168 23 0 
137 184 19 0 
139 149 13 0 
140 183 21 0 
140 179 12 0 
141 195 24 0 
141 177 26 0 
143 172 10 0 
143 161 4 0 
146 172 20 0 
146 153 12 0 
146 147 4 0 
148 161 25 0 
149 172 27 0 
152 169 4 0 
153 178 4 0 
154 179 4 0 
154 158 15 0 
159 166 12 0 
160 172 21 0 
161 199 9 0 
161 177 22 0 
162 190 16 0 
163 197 13 0 
164 184 9 0 
165 196 18 0 
166 170 14 0 
167 199 9 0 
167 191 12 0 
167 190 7 0 
168 173 14 0 
170 198 6 0 
171 190 24 0 
172 174 15 0 
173 186 7 0 
175 199 10 0 
176 190 18 0 
179 187 4 0 
180 181 23 0 
192 194 11 0 
195 199 17 0 
