#GRAPH (#nodes #edges id uu vv ww xx yy zz):
#200 820 geo(0,{200,25,3,0.020,0.000,0.000}) 25 
#
VERTICES (index name u v w x y z):
0 0 2 4 
1 1 15 21 
2 2 16 2 
3 3 21 22 
4 4 8 21 
5 5 14 13 
6 6 21 20 
7 7 2 14 
8 8 10 11 
9 9 4 5 
10 10 3 16 
11 11 13 23 
12 12 10 7 
13 13 23 16 
14 14 18 7 
15 15 8 12 
16 16 24 17 
17 17 18 21 
18 18 23 5 
19 19 17 12 
20 20 11 24 
21 21 21 12 
22 22 6 22 
23 23 1 8 
24 24 12 14 
25 25 15 1 
26 26 1 6 
27 27 11 6 
28 28 21 19 
29 29 17 2 
30 30 15 6 
31 31 22 11 
32 32 20 1 
33 33 17 14 
34 34 13 4 
35 35 2 0 
36 36 6 19 
37 37 11 19 
38 38 0 20 
39 39 10 19 
40 40 5 2 
41 41 22 1 
42 42 1 14 
43 43 23 1 
44 44 20 21 
45 45 23 23 
46 46 1 1 
47 47 8 17 
48 48 10 0 
49 49 15 2 
50 50 20 14 
51 51 7 11 
52 52 15 3 
53 53 11 12 
54 54 12 10 
55 55 11 16 
56 56 6 3 
57 57 10 24 
58 58 17 3 
59 59 17 1 
60 60 18 10 
61 61 19 24 
62 62 19 15 
63 63 16 8 
64 64 20 9 
65 65 5 7 
66 66 16 22 
67 67 14 16 
68 68 3 7 
69 69 9 14 
70 70 22 10 
71 71 11 17 
72 72 6 5 
73 73 0 21 
74 74 3 3 
75 75 24 8 
76 76 3 12 
77 77 2 24 
78 78 8 18 
79 79 23 21 
80 80 12 6 
81 81 9 4 
82 82 1 15 
83 83 12 1 
84 84 6 1 
85 85 20 10 
86 86 11 20 
87 87 18 18 
88 88 23 3 
89 89 10 16 
90 90 22 14 
91 91 4 6 
92 92 13 22 
93 93 4 20 
94 94 14 1 
95 95 12 2 
96 96 6 17 
97 97 15 20 
98 98 8 24 
99 99 5 1 
100 100 20 13 
101 101 2 10 
102 102 19 13 
103 103 14 21 
104 104 4 8 
105 105 9 13 
106 106 17 4 
107 107 13 11 
108 108 1 10 
109 109 18 20 
110 110 21 2 
111 111 5 16 
112 112 21 5 
113 113 16 1 
114 114 4 1 
115 115 17 5 
116 116 18 1 
117 117 21 6 
118 118 0 22 
119 119 10 20 
120 120 3 19 
121 121 1 5 
122 122 11 15 
123 123 23 18 
124 124 14 4 
125 125 20 11 
126 126 8 1 
127 127 22 16 
128 128 15 9 
129 129 3 9 
130 130 16 6 
131 131 12 22 
132 132 22 4 
133 133 13 20 
134 134 17 8 
135 135 16 3 
136 136 9 11 
137 137 9 1 
138 138 10 10 
139 139 9 10 
140 140 16 7 
141 141 19 11 
142 142 5 23 
143 143 5 20 
144 144 10 23 
145 145 6 10 
146 146 21 3 
147 147 1 18 
148 148 14 15 
149 149 8 5 
150 150 24 13 
151 151 24 1 
152 152 17 18 
153 153 17 21 
154 154 7 19 
155 155 17 6 
156 156 13 2 
157 157 8 11 
158 158 7 0 
159 159 11 3 
160 160 21 9 
161 161 3 5 
162 162 14 24 
163 163 20 7 
164 164 13 6 
165 165 2 21 
166 166 1 9 
167 167 4 3 
168 168 22 24 
169 169 11 13 
170 170 6 24 
171 171 24 19 
172 172 13 8 
173 173 3 23 
174 174 13 15 
175 175 15 8 
176 176 18 5 
177 177 16 9 
178 178 12 5 
179 179 5 10 
180 180 14 9 
181 181 24 22 
182 182 0 0 
183 183 10 5 
184 184 12 23 
185 185 18 12 
186 186 3 20 
187 187 19 0 
188 188 6 6 
189 189 13 18 
190 190 7 17 
191 191 19 4 
192 192 3 6 
193 193 8 3 
194 194 24 3 
195 195 20 16 
196 196 2 15 
197 197 20 0 
198 198 7 16 
199 199 16 12 
#
EDGES (from-node to-node length a b):
0 166 5 0 
0 159 9 0 
0 139 9 0 
1 159 18 0 
1 64 13 0 
2 178 5 0 
2 169 12 0 
2 52 1 0 
2 20 23 0 
3 119 11 0 
3 111 17 0 
3 73 21 0 
3 22 15 0 
4 148 8 0 
5 170 14 0 
5 148 2 0 
5 122 4 0 
5 118 17 0 
5 108 13 0 
5 50 6 0 
6 80 17 0 
6 76 20 0 
6 68 22 0 
7 58 19 0 
8 197 15 0 
8 120 11 0 
8 83 10 0 
9 136 8 0 
9 87 19 0 
9 78 14 0 
9 27 7 0 
9 21 18 0 
10 195 17 0 
10 148 11 0 
10 140 16 0 
10 23 8 0 
11 146 22 0 
11 101 17 0 
11 35 25 0 
11 31 15 0 
12 103 15 0 
12 24 7 0 
12 19 9 0 
13 165 22 0 
13 142 19 0 
13 123 2 0 
14 165 21 0 
14 88 6 0 
14 58 4 0 
14 55 11 0 
14 30 3 0 
15 114 12 0 
15 105 1 0 
16 184 13 0 
16 101 23 0 
16 45 6 0 
16 36 18 0 
17 123 6 0 
17 113 20 0 
17 28 4 0 
18 195 11 0 
18 194 2 0 
18 190 20 0 
18 176 5 0 
18 76 21 0 
18 67 14 0 
19 118 20 0 
19 48 14 0 
19 42 16 0 
19 29 10 0 
20 170 5 0 
20 95 22 0 
20 85 17 0 
21 171 8 0 
21 166 20 0 
21 152 7 0 
21 70 2 0 
21 45 11 0 
21 24 9 0 
22 130 19 0 
22 114 21 0 
22 108 13 0 
22 63 17 0 
22 47 5 0 
23 159 11 0 
23 123 24 0 
23 46 7 0 
24 135 12 0 
24 84 14 0 
25 193 7 0 
25 100 13 0 
25 97 19 0 
25 71 16 0 
25 38 24 0 
25 31 12 0 
26 116 18 0 
26 75 23 0 
26 64 19 0 
27 185 9 0 
27 118 19 0 
28 174 9 0 
28 161 23 0 
28 145 17 0 
28 95 19 0 
29 162 22 0 
29 139 11 0 
30 148 9 0 
30 83 6 0 
30 59 5 0 
30 58 4 0 
30 46 15 0 
31 174 10 0 
31 73 24 0 
32 185 11 0 
32 131 22 0 
32 55 17 0 
32 42 23 0 
32 40 15 0 
33 77 18 0 
33 62 2 0 
33 59 13 0 
34 199 9 0 
34 165 20 0 
34 142 21 0 
34 133 16 0 
34 100 11 0 
34 79 20 0 
35 111 16 0 
35 37 21 0 
36 161 14 0 
36 142 4 0 
36 133 7 0 
36 100 15 0 
36 97 9 0 
36 93 2 0 
36 58 19 0 
36 39 4 0 
37 189 2 0 
37 125 12 0 
37 117 16 0 
37 107 8 0 
38 157 12 0 
38 156 22 0 
38 112 26 0 
39 132 19 0 
39 105 6 0 
39 102 11 0 
39 92 4 0 
39 91 14 0 
40 157 9 0 
40 123 24 0 
41 106 6 0 
41 57 26 0 
42 188 9 0 
42 181 24 0 
42 143 7 0 
42 133 13 0 
42 127 21 0 
42 112 22 0 
42 81 13 0 
43 132 3 0 
43 111 23 0 
43 110 2 0 
43 103 22 0 
43 56 17 0 
44 177 13 0 
44 152 4 0 
44 139 16 0 
44 117 15 0 
45 121 28 0 
45 96 18 0 
46 181 31 0 
46 130 16 0 
46 99 4 0 
46 98 24 0 
47 93 5 0 
47 53 6 0 
48 172 9 0 
48 157 11 0 
49 122 14 0 
49 88 8 0 
50 128 7 0 
51 191 14 0 
51 185 11 0 
51 184 13 0 
51 143 9 0 
52 150 13 0 
52 56 9 0 
53 192 10 0 
53 96 7 0 
53 59 13 0 
54 152 9 0 
54 139 3 0 
54 123 14 0 
54 71 7 0 
54 57 14 0 
55 155 12 0 
55 143 7 0 
56 171 24 0 
56 148 14 0 
56 121 5 0 
56 107 11 0 
56 77 21 0 
57 187 26 0 
57 167 22 0 
57 138 14 0 
57 102 14 0 
57 101 16 0 
58 165 23 0 
58 139 11 0 
58 108 17 0 
58 85 8 0 
59 169 13 0 
60 154 14 0 
60 124 7 0 
60 76 15 0 
61 161 25 0 
61 153 4 0 
62 187 15 0 
62 150 5 0 
62 131 10 0 
63 116 7 0 
64 152 9 0 
65 121 4 0 
66 192 21 0 
66 137 22 0 
66 98 8 0 
66 84 23 0 
66 74 23 0 
67 196 12 0 
67 89 4 0 
68 184 18 0 
68 125 17 0 
69 147 9 0 
69 93 8 0 
70 163 4 0 
70 144 18 0 
70 142 21 0 
70 118 25 0 
71 183 12 0 
71 152 6 0 
71 118 12 0 
72 164 7 0 
72 146 15 0 
72 122 11 0 
73 154 7 0 
73 140 21 0 
74 120 16 0 
76 185 15 0 
76 142 11 0 
77 197 30 0 
77 123 22 0 
77 90 22 0 
77 87 17 0 
77 86 10 0 
78 167 16 0 
78 162 8 0 
79 167 26 0 
79 166 25 0 
79 124 19 0 
79 113 21 0 
79 112 16 0 
79 105 16 0 
80 156 4 0 
80 150 14 0 
80 145 7 0 
81 173 20 0 
82 151 27 0 
82 144 12 0 
82 126 16 0 
83 186 21 0 
83 157 11 0 
83 125 13 0 
84 149 4 0 
84 142 22 0 
84 102 18 0 
85 105 11 0 
86 158 20 0 
86 154 4 0 
86 142 7 0 
86 95 18 0 
87 92 6 0 
88 197 4 0 
88 196 24 0 
88 190 21 0 
88 174 16 0 
88 141 9 0 
88 128 10 0 
88 111 22 0 
89 153 9 0 
89 110 18 0 
89 99 16 0 
90 193 18 0 
90 186 20 0 
90 122 11 0 
90 97 9 0 
91 187 16 0 
91 184 19 0 
91 173 17 0 
91 162 21 0 
91 129 3 0 
92 188 17 0 
92 178 17 0 
92 172 14 0 
92 103 1 0 
94 179 13 0 
94 142 24 0 
94 100 13 0 
96 158 17 0 
96 132 21 0 
97 180 11 0 
97 153 2 0 
97 103 1 0 
98 194 26 0 
98 165 7 0 
98 110 26 0 
99 163 16 0 
99 133 21 0 
100 191 9 0 
100 127 4 0 
101 147 8 0 
102 186 17 0 
102 183 12 0 
102 159 13 0 
102 103 9 0 
103 197 22 0 
103 193 19 0 
103 188 17 0 
103 140 14 0 
104 185 15 0 
104 152 16 0 
104 108 4 0 
105 186 9 0 
106 129 15 0 
108 154 11 0 
108 136 8 0 
109 175 12 0 
109 167 22 0 
110 193 13 0 
110 163 5 0 
110 134 7 0 
112 191 2 0 
112 168 19 0 
113 194 8 0 
113 147 23 0 
115 170 22 0 
115 161 14 0 
115 129 15 0 
117 192 18 0 
118 176 25 0 
119 172 12 0 
121 186 15 0 
121 123 26 0 
123 149 20 0 
123 131 12 0 
124 168 22 0 
124 151 10 0 
124 133 16 0 
126 168 27 0 
126 166 11 0 
126 132 14 0 
127 151 15 0 
128 171 13 0 
128 131 13 0 
129 176 16 0 
131 198 8 0 
131 197 23 0 
131 192 18 0 
131 174 7 0 
131 145 13 0 
131 141 13 0 
132 184 21 0 
132 167 18 0 
133 149 16 0 
136 199 7 0 
136 164 6 0 
137 144 22 0 
138 167 9 0 
139 160 12 0 
139 154 9 0 
140 188 10 0 
142 148 12 0 
143 158 20 0 
144 177 15 0 
144 162 4 0 
146 151 4 0 
150 174 11 0 
151 168 23 0 
152 196 15 0 
152 194 17 0 
152 173 15 0 
152 164 13 0 
153 196 16 0 
154 193 16 0 
154 156 18 0 
155 199 6 0 
155 187 6 0 
155 161 14 0 
156 177 8 0 
158 162 25 0 
159 188 6 0 
160 182 23 0 
161 189 16 0 
166 179 4 0 
173 199 17 0 
176 186 21 0 
177 194 10 0 
179 197 18 0 
180 181 16 0 
186 197 26 0 
