#GRAPH (#nodes #edges id uu vv ww xx yy zz):
#200 782 geo(0,{200,25,3,0.020,0.000,0.000}) 25 
#
VERTICES (index name u v w x y z):
0 0 19 15 
1 1 3 2 
2 2 19 14 
3 3 16 3 
4 4 21 3 
5 5 11 14 
6 6 13 9 
7 7 7 16 
8 8 10 24 
9 9 5 15 
10 10 0 2 
11 11 4 14 
12 12 11 12 
13 13 13 10 
14 14 20 9 
15 15 17 4 
16 16 1 21 
17 17 17 8 
18 18 9 14 
19 19 21 5 
20 20 15 15 
21 21 7 0 
22 22 6 20 
23 23 17 18 
24 24 10 1 
25 25 21 13 
26 26 1 7 
27 27 24 21 
28 28 2 17 
29 29 4 21 
30 30 21 23 
31 31 1 16 
32 32 15 13 
33 33 8 6 
34 34 20 6 
35 35 24 12 
36 36 5 21 
37 37 12 0 
38 38 14 1 
39 39 6 0 
40 40 16 7 
41 41 22 19 
42 42 6 7 
43 43 17 11 
44 44 19 23 
45 45 5 22 
46 46 8 24 
47 47 15 21 
48 48 19 7 
49 49 3 0 
50 50 13 1 
51 51 8 9 
52 52 19 6 
53 53 11 24 
54 54 1 8 
55 55 10 13 
56 56 2 19 
57 57 1 12 
58 58 4 22 
59 59 13 17 
60 60 12 11 
61 61 14 9 
62 62 7 7 
63 63 21 9 
64 64 1 10 
65 65 19 18 
66 66 15 11 
67 67 11 6 
68 68 5 5 
69 69 14 24 
70 70 1 0 
71 71 16 11 
72 72 19 11 
73 73 23 21 
74 74 14 3 
75 75 2 5 
76 76 0 19 
77 77 8 23 
78 78 2 10 
79 79 22 18 
80 80 20 5 
81 81 6 22 
82 82 5 2 
83 83 16 23 
84 84 21 16 
85 85 11 15 
86 86 11 4 
87 87 16 12 
88 88 5 1 
89 89 4 5 
90 90 21 10 
91 91 7 13 
92 92 16 10 
93 93 4 16 
94 94 19 21 
95 95 0 22 
96 96 24 23 
97 97 21 15 
98 98 3 18 
99 99 14 8 
100 100 13 24 
101 101 22 15 
102 102 14 2 
103 103 3 9 
104 104 15 23 
105 105 20 16 
106 106 7 10 
107 107 0 14 
108 108 21 12 
109 109 23 6 
110 110 3 14 
111 111 11 17 
112 112 16 22 
113 113 8 12 
114 114 2 22 
115 115 3 1 
116 116 10 21 
117 117 2 20 
118 118 0 17 
119 119 14 22 
120 120 9 3 
121 121 24 13 
122 122 8 5 
123 123 22 7 
124 124 8 10 
125 125 8 13 
126 126 23 23 
127 127 7 1 
128 128 3 3 
129 129 12 16 
130 130 14 15 
131 131 15 4 
132 132 17 1 
133 133 2 18 
134 134 17 17 
135 135 23 12 
136 136 6 9 
137 137 6 3 
138 138 13 8 
139 139 20 10 
140 140 6 14 
141 141 20 19 
142 142 23 10 
143 143 5 14 
144 144 4 19 
145 145 22 16 
146 146 20 24 
147 147 7 17 
148 148 22 4 
149 149 14 5 
150 150 24 15 
151 151 15 16 
152 152 12 5 
153 153 1 6 
154 154 20 17 
155 155 12 14 
156 156 23 4 
157 157 0 10 
158 158 14 10 
159 159 12 1 
160 160 15 24 
161 161 15 10 
162 162 0 8 
163 163 4 8 
164 164 6 1 
165 165 22 1 
166 166 3 23 
167 167 14 0 
168 168 7 21 
169 169 16 24 
170 170 22 21 
171 171 2 4 
172 172 3 12 
173 173 10 16 
174 174 3 17 
175 175 1 20 
176 176 23 5 
177 177 5 4 
178 178 20 3 
179 179 14 7 
180 180 11 1 
181 181 0 18 
182 182 23 3 
183 183 13 2 
184 184 20 8 
185 185 16 15 
186 186 3 20 
187 187 13 18 
188 188 24 9 
189 189 21 17 
190 190 10 17 
191 191 9 13 
192 192 13 15 
193 193 18 24 
194 194 10 19 
195 195 24 6 
196 196 21 22 
197 197 8 17 
198 198 10 11 
199 199 9 23 
#
EDGES (from-node to-node length a b):
0 118 19 0 
0 91 12 0 
0 7 12 0 
1 125 12 0 
1 49 2 0 
1 7 15 0 
2 169 10 0 
3 180 5 0 
3 150 14 0 
3 138 6 0 
3 136 12 0 
3 116 19 0 
3 105 14 0 
3 89 12 0 
3 72 9 0 
3 48 5 0 
3 7 16 0 
4 170 18 0 
4 153 20 0 
4 127 14 0 
4 68 16 0 
5 155 1 0 
5 25 10 0 
6 184 7 0 
6 182 12 0 
6 127 10 0 
6 93 11 0 
7 152 12 0 
7 128 14 0 
7 120 13 0 
7 103 8 0 
7 72 13 0 
7 14 15 0 
8 182 25 0 
8 158 15 0 
8 92 15 0 
9 177 11 0 
9 17 14 0 
10 175 18 0 
10 151 21 0 
10 129 18 0 
10 123 23 0 
10 105 24 0 
10 87 19 0 
10 66 17 0 
10 50 13 0 
10 31 14 0 
11 189 17 0 
11 186 6 0 
11 167 17 0 
11 132 18 0 
11 116 9 0 
11 97 17 0 
11 77 10 0 
11 47 13 0 
12 14 9 0 
13 118 15 0 
13 109 11 0 
13 34 8 0 
14 192 9 0 
14 150 7 0 
14 114 22 0 
14 104 15 0 
14 102 9 0 
14 94 12 0 
14 54 19 0 
15 194 17 0 
15 149 3 0 
16 179 19 0 
16 81 5 0 
16 78 11 0 
16 77 7 0 
17 177 13 0 
17 164 13 0 
17 110 15 0 
18 116 7 0 
18 110 6 0 
18 64 9 0 
19 112 18 0 
20 168 10 0 
20 167 15 0 
20 102 13 0 
20 54 16 0 
20 44 9 0 
21 141 23 0 
21 73 26 0 
21 62 7 0 
21 43 15 0 
22 135 19 0 
22 104 9 0 
22 40 16 0 
22 39 20 0 
23 152 14 0 
23 151 3 0 
24 127 3 0 
24 61 9 0 
26 134 19 0 
26 29 14 0 
27 155 14 0 
27 134 8 0 
28 188 23 0 
28 106 9 0 
28 63 21 0 
29 145 19 0 
29 106 11 0 
30 196 1 0 
30 168 14 0 
30 61 16 0 
30 52 17 0 
30 44 2 0 
31 50 19 0 
32 175 16 0 
32 166 16 0 
32 108 6 0 
32 91 8 0 
32 40 6 0 
33 174 12 0 
33 161 8 0 
33 157 9 0 
33 99 6 0 
33 93 11 0 
33 65 16 0 
34 139 4 0 
34 74 7 0 
35 193 13 0 
35 179 11 0 
35 121 1 0 
35 109 6 0 
35 100 16 0 
35 90 4 0 
36 42 14 0 
37 148 11 0 
37 141 21 0 
37 42 9 0 
38 161 9 0 
38 159 2 0 
38 113 13 0 
38 88 9 0 
39 78 11 0 
39 44 26 0 
40 165 8 0 
40 120 8 0 
40 54 15 0 
41 136 19 0 
42 124 4 0 
44 135 12 0 
44 92 13 0 
44 76 19 0 
44 65 5 0 
44 64 22 0 
44 63 14 0 
45 190 7 0 
45 77 3 0 
45 50 22 0 
45 49 22 0 
46 197 7 0 
46 84 15 0 
47 193 4 0 
47 61 12 0 
48 132 6 0 
49 166 23 0 
49 157 10 0 
49 147 17 0 
49 78 10 0 
50 195 12 0 
50 181 21 0 
50 164 7 0 
50 163 11 0 
51 181 12 0 
51 102 9 0 
51 79 17 0 
52 123 3 0 
52 81 21 0 
52 77 20 0 
53 166 8 0 
53 148 23 0 
53 121 17 0 
53 95 11 0 
54 186 12 0 
54 139 19 0 
54 128 5 0 
54 73 26 0 
55 105 10 0 
56 165 27 0 
56 160 14 0 
56 138 16 0 
56 134 15 0 
56 119 12 0 
57 173 10 0 
57 150 23 0 
57 98 6 0 
57 78 2 0 
58 175 4 0 
58 158 16 0 
58 157 13 0 
58 152 19 0 
58 139 20 0 
58 75 17 0 
59 165 18 0 
60 136 6 0 
60 126 16 0 
60 66 3 0 
61 199 15 0 
61 179 2 0 
61 121 11 0 
61 95 19 0 
61 78 12 0 
61 71 3 0 
62 98 12 0 
62 80 13 0 
65 172 17 0 
65 114 17 0 
65 81 14 0 
66 187 7 0 
67 126 21 0 
67 114 18 0 
67 99 4 0 
67 91 8 0 
68 198 8 0 
68 192 13 0 
68 107 10 0 
69 170 9 0 
69 144 11 0 
69 133 13 0 
69 102 22 0 
69 85 9 0 
70 165 21 0 
70 142 24 0 
70 112 27 0 
70 103 9 0 
72 193 13 0 
72 116 13 0 
72 108 2 0 
73 129 12 0 
73 124 19 0 
73 109 15 0 
73 82 26 0 
75 148 20 0 
76 159 22 0 
76 87 17 0 
76 86 19 0 
76 79 22 0 
77 187 7 0 
77 150 18 0 
77 133 8 0 
78 189 20 0 
78 187 14 0 
78 186 10 0 
78 175 10 0 
78 147 9 0 
78 132 17 0 
78 101 21 0 
80 150 11 0 
82 180 6 0 
82 97 21 0 
83 102 21 0 
84 187 8 0 
84 181 21 0 
84 138 11 0 
85 155 1 0 
87 177 14 0 
87 163 13 0 
87 158 3 0 
88 156 18 0 
88 89 4 0 
89 163 3 0 
90 193 14 0 
90 154 7 0 
90 127 17 0 
91 135 16 0 
92 171 15 0 
93 176 22 0 
93 139 17 0 
94 195 16 0 
94 133 17 0 
95 188 27 0 
96 119 10 0 
97 185 5 0 
97 133 19 0 
97 108 3 0 
98 192 10 0 
98 191 8 0 
98 190 7 0 
98 185 13 0 
98 130 11 0 
99 187 10 0 
99 153 13 0 
99 132 8 0 
99 101 11 0 
100 182 23 0 
100 177 22 0 
100 171 23 0 
100 139 16 0 
101 196 7 0 
101 109 9 0 
102 189 17 0 
102 169 22 0 
102 159 2 0 
103 109 20 0 
104 170 7 0 
104 105 9 0 
105 111 9 0 
107 145 22 0 
107 121 24 0 
108 159 14 0 
109 176 1 0 
110 131 16 0 
110 124 6 0 
111 158 8 0 
111 132 17 0 
112 138 14 0 
114 132 26 0 
115 119 24 0 
116 195 21 0 
116 184 16 0 
117 150 23 0 
118 176 26 0 
119 154 8 0 
119 147 9 0 
119 141 7 0 
120 180 3 0 
122 149 6 0 
122 143 9 0 
123 133 23 0 
123 129 13 0 
125 196 16 0 
125 186 9 0 
125 185 8 0 
125 161 8 0 
126 169 7 0 
126 152 21 0 
128 183 10 0 
128 146 27 0 
129 197 4 0 
129 189 9 0 
130 159 14 0 
131 153 14 0 
131 146 21 0 
132 187 17 0 
132 165 5 0 
132 164 11 0 
132 152 6 0 
133 171 14 0 
133 163 10 0 
134 149 12 0 
135 166 23 0 
135 163 19 0 
135 154 6 0 
135 148 8 0 
136 142 17 0 
137 186 17 0 
139 194 13 0 
139 153 19 0 
140 191 3 0 
141 182 16 0 
142 184 4 0 
142 172 20 0 
143 173 5 0 
143 167 17 0 
144 193 15 0 
144 188 22 0 
145 198 13 0 
145 161 9 0 
147 161 11 0 
149 196 18 0 
151 191 7 0 
151 176 14 0 
152 178 8 0 
154 183 17 0 
154 167 18 0 
154 157 21 0 
156 195 2 0 
157 180 14 0 
157 175 10 0 
161 181 17 0 
162 187 16 0 
162 181 10 0 
162 169 23 0 
163 191 7 0 
163 184 16 0 
163 170 22 0 
168 180 20 0 
170 189 4 0 
172 198 7 0 
172 179 12 0 
174 199 8 0 
175 192 13 0 
175 191 11 0 
176 193 20 0 
180 189 19 0 
187 190 3 0 
