#GRAPH (#nodes #edges id uu vv ww xx yy zz):
#200 796 geo(0,{200,25,3,0.020,0.000,0.000}) 25 
#
VERTICES (index name u v w x y z):
0 0 15 15 
1 1 18 9 
2 2 11 15 
3 3 22 8 
4 4 7 17 
5 5 3 21 
6 6 18 13 
7 7 0 23 
8 8 6 18 
9 9 21 20 
10 10 7 7 
11 11 5 15 
12 12 7 12 
13 13 24 0 
14 14 13 15 
15 15 6 21 
16 16 15 17 
17 17 23 23 
18 18 13 14 
19 19 8 15 
20 20 6 1 
21 21 20 10 
22 22 10 11 
23 23 1 18 
24 24 13 11 
25 25 23 13 
26 26 10 5 
27 27 8 4 
28 28 21 23 
29 29 10 4 
30 30 5 9 
31 31 19 9 
32 32 23 16 
33 33 18 22 
34 34 2 0 
35 35 1 1 
36 36 13 5 
37 37 11 18 
38 38 8 22 
39 39 15 6 
40 40 19 22 
41 41 7 13 
42 42 23 19 
43 43 10 2 
44 44 16 1 
45 45 21 4 
46 46 15 20 
47 47 5 0 
48 48 19 12 
49 49 5 8 
50 50 20 16 
51 51 4 14 
52 52 5 19 
53 53 10 20 
54 54 21 7 
55 55 19 2 
56 56 11 23 
57 57 3 4 
58 58 3 6 
59 59 9 20 
60 60 16 16 
61 61 16 14 
62 62 8 3 
63 63 17 21 
64 64 3 22 
65 65 21 19 
66 66 15 11 
67 67 19 21 
68 68 14 6 
69 69 8 20 
70 70 14 20 
71 71 8 5 
72 72 1 13 
73 73 8 24 
74 74 4 24 
75 75 0 11 
76 76 11 8 
77 77 7 23 
78 78 15 9 
79 79 12 10 
80 80 11 19 
81 81 18 24 
82 82 24 5 
83 83 22 6 
84 84 9 7 
85 85 16 18 
86 86 14 9 
87 87 14 23 
88 88 15 7 
89 89 15 22 
90 90 6 15 
91 91 3 9 
92 92 11 10 
93 93 22 21 
94 94 17 9 
95 95 17 2 
96 96 19 8 
97 97 3 10 
98 98 6 10 
99 99 3 3 
100 100 7 6 
101 101 19 3 
102 102 3 8 
103 103 1 8 
104 104 1 7 
105 105 3 18 
106 106 19 24 
107 107 22 14 
108 108 22 10 
109 109 21 17 
110 110 2 17 
111 111 17 14 
112 112 10 0 
113 113 14 0 
114 114 16 8 
115 115 21 14 
116 116 15 4 
117 117 11 21 
118 118 7 18 
119 119 10 6 
120 120 9 24 
121 121 11 22 
122 122 19 23 
123 123 15 1 
124 124 12 6 
125 125 24 3 
126 126 18 1 
127 127 12 8 
128 128 4 13 
129 129 23 11 
130 130 9 3 
131 131 14 17 
132 132 11 4 
133 133 4 23 
134 134 22 17 
135 135 7 16 
136 136 8 9 
137 137 17 22 
138 138 14 12 
139 139 20 13 
140 140 15 5 
141 141 24 15 
142 142 24 23 
143 143 18 11 
144 144 5 13 
145 145 20 22 
146 146 17 3 
147 147 3 14 
148 148 5 10 
149 149 0 5 
150 150 1 3 
151 151 8 7 
152 152 24 1 
153 153 9 23 
154 154 6 7 
155 155 16 21 
156 156 13 20 
157 157 8 8 
158 158 13 7 
159 159 3 15 
160 160 12 5 
161 161 24 16 
162 162 17 20 
163 163 3 2 
164 164 20 8 
165 165 16 7 
166 166 13 12 
167 167 14 11 
168 168 1 24 
169 169 6 0 
170 170 21 1 
171 171 12 24 
172 172 13 2 
173 173 10 22 
174 174 12 15 
175 175 6 22 
176 176 2 20 
177 177 0 12 
178 178 1 14 
179 179 4 19 
180 180 20 19 
181 181 15 14 
182 182 1 6 
183 183 4 8 
184 184 18 5 
185 185 11 9 
186 186 15 0 
187 187 4 0 
188 188 11 5 
189 189 13 3 
190 190 6 9 
191 191 9 21 
192 192 23 0 
193 193 16 19 
194 194 13 18 
195 195 2 12 
196 196 16 17 
197 197 10 18 
198 198 4 9 
199 199 18 7 
#
EDGES (from-node to-node length a b):
0 165 8 0 
0 151 11 0 
0 133 14 0 
0 111 2 0 
0 79 6 0 
0 67 7 0 
1 57 16 0 
2 50 9 0 
2 49 9 0 
2 26 10 0 
2 13 20 0 
3 29 13 0 
3 16 11 0 
4 154 10 0 
4 132 14 0 
4 11 3 0 
5 60 14 0 
5 34 21 0 
6 177 18 0 
6 160 10 0 
6 159 15 0 
6 89 9 0 
6 47 18 0 
6 31 4 0 
7 170 30 0 
7 71 20 0 
7 63 17 0 
7 49 16 0 
7 46 15 0 
7 16 16 0 
8 190 9 0 
8 111 12 0 
8 103 11 0 
8 93 16 0 
8 69 3 0 
8 42 17 0 
8 22 8 0 
8 14 8 0 
9 196 6 0 
9 115 6 0 
9 88 14 0 
10 198 4 0 
10 136 2 0 
10 68 7 0 
10 18 9 0 
11 148 5 0 
11 147 2 0 
11 120 10 0 
11 107 17 0 
11 41 3 0 
11 15 6 0 
12 174 6 0 
12 152 20 0 
12 31 12 0 
13 160 13 0 
13 121 26 0 
13 104 24 0 
13 15 28 0 
14 62 13 0 
15 138 12 0 
15 16 10 0 
16 195 14 0 
16 177 16 0 
16 125 17 0 
16 106 8 0 
17 199 17 0 
17 161 7 0 
17 143 13 0 
17 91 24 0 
18 155 8 0 
18 127 6 0 
19 179 6 0 
19 151 8 0 
19 80 5 0 
19 54 15 0 
20 116 9 0 
20 98 9 0 
20 90 14 0 
21 190 14 0 
21 168 24 0 
22 175 12 0 
22 140 8 0 
22 116 9 0 
22 103 9 0 
22 88 6 0 
23 199 20 0 
23 167 15 0 
23 99 15 0 
23 77 8 0 
24 197 8 0 
24 156 9 0 
24 46 9 0 
25 148 18 0 
25 133 21 0 
25 116 12 0 
26 130 2 0 
26 122 20 0 
26 51 11 0 
26 31 10 0 
27 198 6 0 
27 192 16 0 
27 147 11 0 
27 100 2 0 
27 83 14 0 
27 42 21 0 
28 193 6 0 
28 148 21 0 
28 111 10 0 
29 166 9 0 
30 41 4 0 
31 186 10 0 
31 128 16 0 
31 93 12 0 
31 74 21 0 
31 58 16 0 
32 125 13 0 
32 93 5 0 
32 78 11 0 
33 197 9 0 
33 125 20 0 
33 47 26 0 
33 46 4 0 
33 40 1 0 
34 173 23 0 
34 128 13 0 
34 88 15 0 
35 176 19 0 
35 159 14 0 
35 51 13 0 
36 177 15 0 
36 172 3 0 
37 183 12 0 
37 144 8 0 
37 129 14 0 
38 116 19 0 
38 52 4 0 
39 116 2 0 
39 50 11 0 
40 85 5 0 
41 190 4 0 
41 144 2 0 
41 68 10 0 
41 63 13 0 
41 61 9 0 
42 174 12 0 
42 160 18 0 
42 108 9 0 
42 77 16 0 
43 106 24 0 
43 105 17 0 
43 62 2 0 
43 52 18 0 
43 46 19 0 
44 135 17 0 
44 73 24 0 
44 47 11 0 
45 190 16 0 
45 178 22 0 
45 74 26 0 
46 99 21 0 
46 96 13 0 
47 176 20 0 
47 95 12 0 
47 90 15 0 
47 73 24 0 
48 167 5 0 
48 144 14 0 
48 125 10 0 
48 106 12 0 
48 60 5 0 
49 177 6 0 
49 67 19 0 
50 151 15 0 
50 56 11 0 
51 194 10 0 
51 102 6 0 
52 184 19 0 
52 182 14 0 
52 163 17 0 
52 147 5 0 
52 144 6 0 
52 105 2 0 
52 94 16 0 
52 83 21 0 
53 174 5 0 
53 164 16 0 
54 166 9 0 
54 88 6 0 
54 82 4 0 
55 197 18 0 
55 90 18 0 
56 119 17 0 
56 108 17 0 
56 72 14 0 
56 65 11 0 
56 64 8 0 
57 158 10 0 
57 61 16 0 
58 145 23 0 
59 160 15 0 
59 150 19 0 
59 125 23 0 
60 113 16 0 
60 77 11 0 
61 167 4 0 
61 140 9 0 
61 122 9 0 
62 173 19 0 
62 99 5 0 
62 93 23 0 
62 90 12 0 
63 171 6 0 
63 156 4 0 
63 152 21 0 
63 132 18 0 
63 117 6 0 
63 111 7 0 
63 92 13 0 
63 77 10 0 
63 71 18 0 
64 199 21 0 
64 193 13 0 
65 164 11 0 
65 160 17 0 
65 98 17 0 
65 96 11 0 
65 66 10 0 
66 162 9 0 
66 127 4 0 
67 86 13 0 
67 70 5 0 
69 185 11 0 
69 161 16 0 
69 138 10 0 
69 106 12 0 
69 95 20 0 
70 172 18 0 
70 171 4 0 
70 97 15 0 
71 186 9 0 
71 76 4 0 
72 152 26 0 
72 105 5 0 
73 84 17 0 
73 75 15 0 
74 85 13 0 
75 156 16 0 
75 152 26 0 
76 157 3 0 
76 130 5 0 
76 77 16 0 
77 141 19 0 
77 117 4 0 
77 91 15 0 
77 79 14 0 
78 157 7 0 
78 94 2 0 
78 90 11 0 
79 92 1 0 
79 83 11 0 
80 164 14 0 
80 141 14 0 
81 127 17 0 
82 176 27 0 
82 169 19 0 
82 118 21 0 
83 91 19 0 
84 115 14 0 
85 187 22 0 
85 145 6 0 
85 115 6 0 
86 162 11 0 
86 123 8 0 
86 108 8 0 
86 107 9 0 
87 186 23 0 
87 180 7 0 
88 194 11 0 
88 146 4 0 
88 123 6 0 
90 134 16 0 
90 94 13 0 
92 175 13 0 
92 135 7 0 
92 119 4 0 
94 181 5 0 
96 140 5 0 
97 135 7 0 
98 153 13 0 
98 137 16 0 
99 192 20 0 
99 139 20 0 
100 196 14 0 
100 126 12 0 
101 178 21 0 
101 172 6 0 
103 184 17 0 
103 159 7 0 
104 197 14 0 
104 183 3 0 
104 157 7 0 
104 143 17 0 
105 189 18 0 
105 187 18 0 
105 169 18 0 
105 147 4 0 
106 195 21 0 
106 128 19 0 
106 112 26 0 
107 171 14 0 
107 159 19 0 
107 156 11 0 
107 134 3 0 
108 153 18 0 
109 180 2 0 
109 160 15 0 
109 144 16 0 
110 134 20 0 
111 188 11 0 
112 130 3 0 
113 194 18 0 
114 151 8 0 
115 179 18 0 
116 187 12 0 
116 168 24 0 
116 160 3 0 
117 199 16 0 
117 156 2 0 
118 169 18 0 
120 191 3 0 
120 180 12 0 
120 160 19 0 
120 121 3 0 
121 182 19 0 
122 147 18 0 
122 133 15 0 
123 193 18 0 
124 194 12 0 
124 184 6 0 
124 138 6 0 
125 190 19 0 
125 154 18 0 
125 131 17 0 
125 129 8 0 
126 199 6 0 
126 139 12 0 
126 138 12 0 
127 139 9 0 
129 189 13 0 
129 133 22 0 
130 170 12 0 
130 131 15 0 
132 185 5 0 
132 154 6 0 
134 162 6 0 
134 144 17 0 
136 198 4 0 
137 169 25 0 
138 180 9 0 
138 173 11 0 
139 187 21 0 
139 151 13 0 
141 167 11 0 
142 188 22 0 
144 194 9 0 
144 167 9 0 
145 190 19 0 
146 198 14 0 
146 182 16 0 
149 194 18 0 
149 179 15 0 
150 199 17 0 
150 166 15 0 
150 156 21 0 
151 195 8 0 
151 163 7 0 
152 193 20 0 
153 184 20 0 
155 182 21 0 
156 175 7 0 
158 172 5 0 
158 163 11 0 
164 187 18 0 
165 180 13 0 
166 169 14 0 
168 177 12 0 
169 199 14 0 
169 179 19 0 
169 176 20 0 
170 188 11 0 
171 181 10 0 
175 176 4 0 
176 190 12 0 
177 185 11 0 
178 199 18 0 
180 193 4 0 
182 199 17 0 
194 195 13 0 
