#GRAPH (#nodes #edges id uu vv ww xx yy zz):
#200 818 geo(0,{200,25,3,0.020,0.000,0.000}) 25 
#
VERTICES (index name u v w x y z):
0 0 18 9 
1 1 0 9 
2 2 20 5 
3 3 5 3 
4 4 24 14 
5 5 3 9 
6 6 21 14 
7 7 5 21 
8 8 12 22 
9 9 19 6 
10 10 19 11 
11 11 19 17 
12 12 1 18 
13 13 17 18 
14 14 6 9 
15 15 14 20 
16 16 0 19 
17 17 20 15 
18 18 13 6 
19 19 11 23 
20 20 20 23 
21 21 0 18 
22 22 11 6 
23 23 5 23 
24 24 12 20 
25 25 2 11 
26 26 7 15 
27 27 5 8 
28 28 12 8 
29 29 18 4 
30 30 1 5 
31 31 1 8 
32 32 14 11 
33 33 15 20 
34 34 22 8 
35 35 2 1 
36 36 23 16 
37 37 6 15 
38 38 9 10 
39 39 14 16 
40 40 2 0 
41 41 0 14 
42 42 18 8 
43 43 24 8 
44 44 22 4 
45 45 20 0 
46 46 12 15 
47 47 16 24 
48 48 20 13 
49 49 19 22 
50 50 6 7 
51 51 7 17 
52 52 12 12 
53 53 18 16 
54 54 10 11 
55 55 6 11 
56 56 24 0 
57 57 6 21 
58 58 15 6 
59 59 1 22 
60 60 3 23 
61 61 8 11 
62 62 21 23 
63 63 13 3 
64 64 16 14 
65 65 5 17 
66 66 5 14 
67 67 7 3 
68 68 21 20 
69 69 24 20 
70 70 1 15 
71 71 18 20 
72 72 4 18 
73 73 0 21 
74 74 3 4 
75 75 8 2 
76 76 16 18 
77 77 13 9 
78 78 8 18 
79 79 22 19 
80 80 4 15 
81 81 14 21 
82 82 23 5 
83 83 18 24 
84 84 16 11 
85 85 7 9 
86 86 14 6 
87 87 4 16 
88 88 22 0 
89 89 3 1 
90 90 1 11 
91 91 14 3 
92 92 19 14 
93 93 8 19 
94 94 6 4 
95 95 6 16 
96 96 9 8 
97 97 15 10 
98 98 6 13 
99 99 13 4 
100 100 17 14 
101 101 18 6 
102 102 11 11 
103 103 15 12 
104 104 14 18 
105 105 6 10 
106 106 3 19 
107 107 8 22 
108 108 11 9 
109 109 10 2 
110 110 0 5 
111 111 21 22 
112 112 3 10 
113 113 10 1 
114 114 1 21 
115 115 7 13 
116 116 23 10 
117 117 21 13 
118 118 4 11 
119 119 24 7 
120 120 22 23 
121 121 7 19 
122 122 16 13 
123 123 12 19 
124 124 7 11 
125 125 20 19 
126 126 8 16 
127 127 10 21 
128 128 4 17 
129 129 13 1 
130 130 17 0 
131 131 19 10 
132 132 17 17 
133 133 4 4 
134 134 16 21 
135 135 6 18 
136 136 24 3 
137 137 20 2 
138 138 7 6 
139 139 8 3 
140 140 13 16 
141 141 8 14 
142 142 11 20 
143 143 14 22 
144 144 3 14 
145 145 18 18 
146 146 12 18 
147 147 13 19 
148 148 4 23 
149 149 3 21 
150 150 10 16 
151 151 11 0 
152 152 2 10 
153 153 1 19 
154 154 1 14 
155 155 22 24 
156 156 1 0 
157 157 6 14 
158 158 5 22 
159 159 4 20 
160 160 8 24 
161 161 13 5 
162 162 9 5 
163 163 20 12 
164 164 5 7 
165 165 16 16 
166 166 1 6 
167 167 8 6 
168 168 21 21 
169 169 23 12 
170 170 23 7 
171 171 16 7 
172 172 6 6 
173 173 17 24 
174 174 15 7 
175 175 13 10 
176 176 1 2 
177 177 22 15 
178 178 21 17 
179 179 23 21 
180 180 3 15 
181 181 15 19 
182 182 10 23 
183 183 9 6 
184 184 3 24 
185 185 10 4 
186 186 23 1 
187 187 13 15 
188 188 13 18 
189 189 18 1 
190 190 18 15 
191 191 7 8 
192 192 10 10 
193 193 19 19 
194 194 0 7 
195 195 20 16 
196 196 12 2 
197 197 13 14 
198 198 22 3 
199 199 11 4 
#
EDGES (from-node to-node length a b):
0 177 7 0 
0 142 13 0 
0 129 9 0 
0 71 11 0 
0 19 16 0 
1 138 8 0 
1 120 26 0 
1 54 10 0 
1 9 19 0 
2 191 13 0 
2 94 14 0 
2 3 15 0 
3 154 12 0 
3 131 16 0 
3 108 8 0 
3 82 18 0 
3 80 12 0 
4 62 9 0 
5 165 15 0 
5 42 15 0 
5 11 18 0 
6 104 8 0 
6 92 2 0 
6 55 15 0 
6 45 14 0 
6 26 14 0 
7 102 12 0 
7 94 17 0 
8 133 20 0 
8 119 19 0 
8 89 23 0 
8 77 13 0 
8 33 4 0 
8 22 16 0 
9 175 7 0 
9 169 7 0 
9 153 22 0 
9 146 14 0 
10 182 15 0 
10 153 20 0 
10 99 9 0 
10 51 13 0 
11 180 16 0 
11 134 5 0 
11 106 16 0 
11 78 11 0 
11 68 4 0 
11 22 14 0 
12 57 6 0 
13 179 7 0 
13 122 5 0 
13 33 3 0 
14 70 8 0 
15 174 13 0 
15 151 20 0 
15 123 2 0 
15 41 15 0 
15 34 14 0 
16 108 15 0 
16 69 24 0 
16 62 21 0 
17 185 15 0 
17 164 17 0 
17 154 19 0 
18 168 17 0 
18 165 10 0 
18 57 17 0 
19 155 11 0 
19 99 19 0 
20 167 21 0 
20 144 19 0 
21 174 19 0 
21 129 21 0 
21 112 9 0 
21 66 6 0 
23 186 28 0 
23 142 7 0 
23 39 11 0 
24 176 21 0 
24 71 6 0 
24 64 7 0 
25 80 4 0 
25 70 4 0 
26 127 7 0 
26 102 6 0 
27 164 1 0 
27 153 12 0 
27 151 10 0 
27 146 12 0 
27 76 15 0 
28 197 6 0 
28 139 6 0 
28 122 6 0 
29 163 8 0 
29 153 23 0 
29 68 16 0 
30 191 7 0 
30 150 14 0 
30 90 6 0 
30 89 4 0 
31 188 16 0 
31 159 12 0 
31 111 24 0 
31 94 6 0 
31 81 18 0 
32 158 14 0 
32 113 11 0 
32 59 17 0 
32 34 9 0 
33 152 16 0 
33 73 15 0 
34 147 14 0 
34 120 15 0 
34 73 26 0 
34 42 4 0 
35 180 14 0 
35 179 29 0 
35 126 16 0 
35 65 16 0 
36 196 18 0 
36 186 15 0 
36 131 7 0 
36 66 18 0 
36 44 12 0 
37 187 7 0 
37 158 7 0 
37 150 4 0 
37 99 13 0 
37 77 9 0 
38 187 6 0 
38 150 6 0 
38 49 16 0 
39 192 7 0 
39 116 11 0 
39 61 8 0 
39 48 7 0 
39 46 2 0 
40 106 19 0 
40 67 6 0 
40 42 18 0 
40 41 14 0 
41 197 13 0 
41 169 23 0 
41 151 18 0 
42 164 13 0 
42 70 18 0 
42 68 12 0 
43 130 11 0 
43 92 8 0 
43 56 8 0 
44 160 24 0 
44 159 24 0 
44 139 14 0 
44 101 4 0 
45 66 21 0 
45 57 25 0 
45 49 22 0 
46 88 18 0 
47 199 21 0 
47 172 21 0 
47 168 6 0 
48 141 12 0 
48 77 8 0 
49 181 5 0 
49 132 5 0 
49 114 18 0 
50 192 5 0 
50 162 4 0 
50 155 23 0 
50 118 4 0 
50 66 7 0 
51 178 14 0 
51 55 6 0 
52 173 13 0 
52 84 4 0 
53 159 15 0 
53 86 11 0 
54 154 9 0 
54 82 14 0 
55 148 12 0 
56 97 13 0 
56 59 32 0 
57 116 20 0 
58 193 14 0 
59 193 18 0 
59 153 3 0 
59 90 11 0 
60 99 21 0 
61 196 10 0 
61 177 15 0 
61 143 13 0 
61 115 2 0 
61 99 9 0 
61 77 5 0 
62 162 22 0 
62 73 21 0 
63 153 20 0 
63 97 7 0 
63 64 11 0 
64 164 13 0 
64 140 4 0 
64 125 6 0 
64 85 10 0 
65 158 5 0 
65 143 10 0 
65 124 6 0 
65 123 7 0 
66 173 16 0 
66 139 11 0 
66 123 9 0 
66 85 5 0 
67 175 9 0 
69 184 21 0 
69 81 10 0 
69 76 8 0 
70 164 9 0 
70 99 16 0 
71 170 14 0 
71 161 16 0 
71 137 18 0 
71 121 11 0 
71 90 19 0 
71 79 4 0 
72 194 12 0 
72 151 19 0 
72 113 18 0 
72 110 14 0 
72 94 14 0 
72 89 17 0 
73 175 17 0 
73 140 14 0 
73 108 16 0 
74 159 16 0 
74 148 19 0 
74 147 18 0 
75 194 9 0 
75 165 16 0 
75 105 8 0 
77 159 14 0 
79 178 2 0 
79 93 14 0 
79 91 18 0 
80 186 24 0 
80 141 4 0 
81 187 6 0 
81 168 7 0 
81 156 25 0 
81 142 3 0 
81 122 8 0 
82 172 17 0 
82 125 14 0 
82 96 14 0 
83 162 21 0 
83 125 5 0 
83 95 14 0 
83 94 23 0 
83 84 13 0 
84 180 14 0 
84 101 5 0 
84 97 1 0 
85 158 13 0 
85 116 16 0 
85 98 4 0 
86 193 14 0 
86 136 10 0 
87 177 18 0 
87 161 14 0 
87 93 5 0 
88 137 3 0 
88 93 24 0 
89 111 28 0 
90 198 22 0 
90 111 23 0 
91 163 11 0 
92 197 6 0 
92 179 8 0 
92 166 20 0 
92 162 13 0 
92 126 11 0 
92 124 12 0 
92 120 9 0 
92 115 12 0 
93 105 9 0 
93 97 11 0 
94 107 18 0 
95 120 17 0 
96 179 19 0 
96 118 6 0 
97 127 12 0 
97 99 6 0 
98 110 10 0 
99 120 21 0 
100 187 4 0 
100 158 14 0 
100 131 4 0 
100 122 1 0 
100 118 13 0 
100 114 17 0 
101 188 13 0 
101 177 10 0 
101 173 18 0 
102 196 9 0 
102 177 12 0 
102 138 6 0 
103 190 4 0 
103 148 16 0 
103 123 8 0 
104 194 18 0 
104 193 5 0 
104 163 8 0 
104 112 14 0 
105 188 11 0 
105 145 14 0 
106 173 15 0 
106 155 20 0 
106 147 10 0 
106 142 8 0 
107 178 14 0 
107 150 6 0 
108 123 10 0 
109 147 17 0 
110 121 16 0 
110 112 6 0 
111 161 19 0 
111 129 22 0 
112 117 18 0 
113 168 23 0 
113 157 14 0 
113 114 22 0 
115 133 9 0 
116 153 24 0 
116 146 14 0 
118 142 11 0 
119 193 13 0 
119 172 18 0 
119 124 17 0 
120 186 22 0 
121 144 6 0 
121 137 21 0 
121 128 4 0 
121 123 5 0 
122 162 11 0 
122 156 20 0 
122 138 11 0 
123 198 19 0 
123 171 13 0 
123 151 19 0 
123 140 3 0 
125 192 13 0 
126 198 19 0 
126 187 5 0 
126 184 9 0 
126 174 11 0 
126 171 12 0 
126 155 16 0 
127 160 4 0 
128 158 5 0 
129 173 23 0 
129 134 20 0 
131 178 7 0 
132 163 6 0 
133 137 16 0 
135 171 15 0 
136 169 9 0 
136 149 28 0 
137 193 17 0 
138 194 7 0 
139 163 15 0 
140 189 16 0 
140 173 9 0 
141 185 10 0 
142 186 22 0 
142 175 10 0 
142 171 14 0 
142 148 8 0 
143 172 18 0 
144 185 12 0 
145 182 9 0 
146 161 13 0 
147 193 6 0 
147 148 10 0 
149 163 19 0 
151 189 7 0 
151 183 6 0 
152 169 21 0 
153 168 20 0 
153 154 5 0 
155 193 6 0 
156 197 18 0 
157 194 9 0 
158 195 16 0 
158 183 16 0 
160 164 17 0 
161 199 2 0 
162 197 10 0 
162 191 4 0 
163 197 7 0 
164 199 7 0 
164 197 11 0 
165 184 15 0 
168 173 5 0 
169 174 9 0 
170 188 15 0 
170 185 13 0 
170 183 14 0 
176 196 11 0 
176 194 5 0 
177 182 14 0 
186 196 11 0 
