#GRAPH (#nodes #edges id uu vv ww xx yy zz):
#200 768 geo(0,{200,25,3,0.020,0.000,0.000}) 25 
#
VERTICES (index name u v w x y z):
0 0 4 1 
1 1 7 13 
2 2 14 17 
3 3 5 0 
4 4 23 12 
5 5 3 15 
6 6 18 21 
7 7 9 8 
8 8 21 24 
9 9 6 3 
10 10 3 24 
11 11 12 0 
12 12 22 23 
13 13 16 19 
14 14 14 8 
15 15 12 4 
16 16 9 15 
17 17 16 13 
18 18 9 23 
19 19 10 8 
20 20 4 15 
21 21 3 4 
22 22 6 16 
23 23 13 5 
24 24 0 9 
25 25 23 17 
26 26 1 16 
27 27 18 8 
28 28 4 11 
29 29 8 0 
30 30 11 4 
31 31 0 15 
32 32 4 0 
33 33 16 1 
34 34 3 22 
35 35 21 4 
36 36 12 18 
37 37 17 18 
38 38 15 5 
39 39 16 21 
40 40 20 21 
41 41 3 12 
42 42 4 24 
43 43 23 8 
44 44 6 1 
45 45 22 15 
46 46 16 10 
47 47 10 17 
48 48 10 13 
49 49 7 5 
50 50 7 1 
51 51 3 20 
52 52 14 2 
53 53 4 5 
54 54 24 19 
55 55 16 22 
56 56 0 6 
57 57 11 7 
58 58 7 19 
59 59 22 18 
60 60 12 1 
61 61 16 2 
62 62 21 9 
63 63 23 13 
64 64 7 8 
65 65 18 9 
66 66 0 5 
67 67 6 13 
68 68 2 20 
69 69 18 20 
70 70 2 10 
71 71 8 20 
72 72 11 8 
73 73 20 8 
74 74 3 10 
75 75 7 3 
76 76 12 10 
77 77 1 19 
78 78 10 22 
79 79 2 0 
80 80 19 5 
81 81 23 22 
82 82 23 3 
83 83 3 13 
84 84 22 1 
85 85 19 14 
86 86 1 20 
87 87 0 1 
88 88 7 17 
89 89 1 24 
90 90 19 1 
91 91 3 18 
92 92 12 6 
93 93 4 19 
94 94 12 21 
95 95 7 2 
96 96 1 1 
97 97 9 10 
98 98 24 24 
99 99 8 21 
100 100 2 17 
101 101 8 22 
102 102 20 12 
103 103 13 7 
104 104 3 16 
105 105 18 15 
106 106 13 13 
107 107 22 2 
108 108 15 2 
109 109 9 0 
110 110 20 24 
111 111 22 10 
112 112 6 14 
113 113 23 15 
114 114 21 13 
115 115 21 2 
116 116 24 11 
117 117 2 8 
118 118 10 21 
119 119 15 1 
120 120 23 5 
121 121 20 18 
122 122 19 0 
123 123 11 10 
124 124 2 4 
125 125 1 10 
126 126 8 1 
127 127 15 23 
128 128 10 11 
129 129 15 12 
130 130 20 23 
131 131 1 9 
132 132 3 23 
133 133 0 10 
134 134 10 4 
135 135 5 22 
136 136 15 8 
137 137 7 12 
138 138 21 18 
139 139 5 11 
140 140 10 18 
141 141 8 17 
142 142 24 0 
143 143 4 21 
144 144 21 12 
145 145 16 0 
146 146 6 21 
147 147 20 6 
148 148 24 6 
149 149 1 13 
150 150 14 3 
151 151 7 9 
152 152 24 13 
153 153 2 13 
154 154 23 0 
155 155 21 3 
156 156 18 19 
157 157 19 15 
158 158 15 17 
159 159 8 19 
160 160 20 20 
161 161 10 12 
162 162 16 24 
163 163 10 0 
164 164 10 5 
165 165 0 24 
166 166 13 18 
167 167 6 7 
168 168 13 11 
169 169 8 3 
170 170 7 14 
171 171 11 24 
172 172 16 23 
173 173 11 9 
174 174 5 23 
175 175 6 12 
176 176 13 10 
177 177 15 22 
178 178 11 2 
179 179 1 5 
180 180 22 24 
181 181 11 0 
182 182 12 5 
183 183 20 15 
184 184 5 24 
185 185 23 2 
186 186 12 22 
187 187 17 2 
188 188 17 16 
189 189 5 20 
190 190 0 11 
191 191 2 22 
192 192 11 19 
193 193 1 18 
194 194 4 13 
195 195 19 11 
196 196 19 9 
197 197 11 3 
198 198 23 18 
199 199 17 13 
#
EDGES (from-node to-node length a b):
0 163 6 0 
0 161 13 0 
0 154 19 0 
0 146 20 0 
0 137 11 0 
0 135 21 0 
0 116 22 0 
0 76 12 0 
0 42 23 0 
0 14 12 0 
1 192 7 0 
1 179 10 0 
1 114 14 0 
1 16 3 0 
2 147 13 0 
2 142 20 0 
3 146 21 0 
3 136 13 0 
3 134 6 0 
3 89 24 0 
4 182 13 0 
4 154 12 0 
4 128 13 0 
4 56 24 0 
4 45 3 0 
4 44 20 0 
4 5 20 0 
5 194 2 0 
5 129 12 0 
5 101 9 0 
5 93 4 0 
5 68 5 0 
5 23 14 0 
5 15 14 0 
6 186 6 0 
6 167 18 0 
6 164 18 0 
6 134 19 0 
6 104 16 0 
6 76 13 0 
6 75 21 0 
6 66 24 0 
7 158 11 0 
7 80 10 0 
7 59 16 0 
7 58 11 0 
8 143 17 0 
8 97 18 0 
8 83 21 0 
8 51 18 0 
8 31 23 0 
9 107 16 0 
9 33 10 0 
10 199 18 0 
10 168 16 0 
10 154 31 0 
10 129 17 0 
10 17 17 0 
11 68 22 0 
12 199 11 0 
12 128 17 0 
12 94 10 0 
12 55 6 0 
13 77 15 0 
14 197 6 0 
14 176 2 0 
14 124 13 0 
14 99 14 0 
14 68 17 0 
14 16 9 0 
15 185 11 0 
15 122 8 0 
15 120 11 0 
15 25 17 0 
16 68 9 0 
16 53 11 0 
17 69 7 0 
17 20 12 0 
18 185 25 0 
18 158 8 0 
18 143 5 0 
18 137 11 0 
18 98 15 0 
18 97 13 0 
19 189 13 0 
20 163 16 0 
20 34 7 0 
21 156 21 0 
21 106 13 0 
21 46 14 0 
21 32 4 0 
22 194 4 0 
22 181 17 0 
22 151 7 0 
22 142 24 0 
22 119 17 0 
22 105 12 0 
22 80 17 0 
22 73 16 0 
22 66 13 0 
23 104 15 0 
23 98 22 0 
23 85 11 0 
24 145 18 0 
24 102 20 0 
25 178 19 0 
25 172 9 0 
25 73 9 0 
25 53 22 0 
26 172 17 0 
26 156 17 0 
26 121 19 0 
26 69 17 0 
27 93 18 0 
27 34 21 0 
27 32 16 0 
28 176 9 0 
28 116 20 0 
28 88 7 0 
29 177 23 0 
29 153 14 0 
29 150 7 0 
29 128 11 0 
29 98 29 0 
30 95 4 0 
30 92 2 0 
30 77 18 0 
30 73 10 0 
31 175 7 0 
31 170 7 0 
32 72 11 0 
32 68 20 0 
33 176 9 0 
33 172 22 0 
33 81 22 0 
34 131 13 0 
34 103 18 0 
35 101 22 0 
35 96 20 0 
36 189 7 0 
36 71 4 0 
37 184 13 0 
37 131 18 0 
37 102 7 0 
37 84 18 0 
38 123 6 0 
38 77 20 0 
38 66 15 0 
39 146 10 0 
39 85 8 0 
40 196 12 0 
40 163 23 0 
40 146 14 0 
40 120 16 0 
41 50 12 0 
42 149 11 0 
42 130 16 0 
42 92 20 0 
43 144 4 0 
43 69 13 0 
44 174 22 0 
44 157 19 0 
44 142 18 0 
44 137 11 0 
45 192 12 0 
45 156 6 0 
45 147 9 0 
45 51 20 0 
45 47 12 0 
46 154 12 0 
47 140 1 0 
47 90 18 0 
48 142 19 0 
48 90 15 0 
49 177 19 0 
49 116 18 0 
49 101 17 0 
50 91 17 0 
50 68 20 0 
51 154 28 0 
51 148 25 0 
51 136 17 0 
51 70 10 0 
51 52 21 0 
53 157 18 0 
53 141 13 0 
53 135 17 0 
53 109 7 0 
53 82 19 0 
54 184 20 0 
56 124 3 0 
56 93 14 0 
57 151 4 0 
57 128 4 0 
58 130 14 0 
58 108 19 0 
58 89 8 0 
59 184 18 0 
59 170 16 0 
59 107 16 0 
60 167 8 0 
60 93 20 0 
61 125 17 0 
61 121 16 0 
61 119 1 0 
62 145 10 0 
62 72 10 0 
63 181 18 0 
63 146 19 0 
64 190 8 0 
64 175 4 0 
64 72 4 0 
65 122 9 0 
66 182 12 0 
66 178 11 0 
66 111 23 0 
66 95 8 0 
66 89 19 0 
67 105 12 0 
68 171 10 0 
68 170 8 0 
68 153 7 0 
68 146 4 0 
68 91 2 0 
69 186 6 0 
69 137 14 0 
69 131 20 0 
69 101 10 0 
69 70 19 0 
70 193 8 0 
70 170 6 0 
71 186 4 0 
71 117 13 0 
72 175 6 0 
72 168 4 0 
73 162 16 0 
73 154 9 0 
73 114 5 0 
74 195 16 0 
74 152 21 0 
74 124 6 0 
75 153 11 0 
76 131 11 0 
76 113 12 0 
77 173 14 0 
77 102 20 0 
77 85 19 0 
78 146 4 0 
79 151 10 0 
79 97 12 0 
79 92 12 0 
80 191 24 0 
80 174 23 0 
80 115 4 0 
81 179 28 0 
81 133 26 0 
82 198 15 0 
82 128 15 0 
83 172 16 0 
83 96 12 0 
84 165 32 0 
84 132 29 0 
84 102 11 0 
84 96 21 0 
85 188 3 0 
85 158 5 0 
85 151 13 0 
85 91 16 0 
86 114 21 0 
86 109 22 0 
87 196 21 0 
87 118 22 0 
89 160 19 0 
89 97 16 0 
90 193 25 0 
90 174 26 0 
90 156 18 0 
90 155 3 0 
91 171 10 0 
91 168 12 0 
91 116 22 0 
91 104 2 0 
92 162 18 0 
92 136 4 0 
93 173 12 0 
93 101 5 0 
94 180 10 0 
95 132 21 0 
95 127 22 0 
95 122 12 0 
95 118 19 0 
97 104 8 0 
97 103 5 0 
98 110 4 0 
99 123 11 0 
100 145 22 0 
100 130 19 0 
101 146 2 0 
101 137 10 0 
102 189 17 0 
104 193 3 0 
104 161 8 0 
104 158 12 0 
105 169 16 0 
107 155 1 0 
107 114 11 0 
108 169 7 0 
109 195 15 0 
109 124 8 0 
110 181 26 0 
111 180 14 0 
111 155 7 0 
111 115 8 0 
112 177 12 0 
112 125 6 0 
113 133 24 0 
113 130 9 0 
114 166 9 0 
114 159 14 0 
114 148 8 0 
115 139 18 0 
117 162 21 0 
118 151 12 0 
119 174 24 0 
119 172 22 0 
119 140 18 0 
119 139 14 0 
119 123 10 0 
121 132 18 0 
122 134 10 0 
123 139 6 0 
124 176 13 0 
124 128 11 0 
126 183 18 0 
126 150 6 0 
126 138 21 0 
127 174 10 0 
128 197 8 0 
128 165 16 0 
128 135 12 0 
129 163 13 0 
130 184 15 0 
131 176 12 0 
131 174 15 0 
131 163 13 0 
132 172 13 0 
133 159 12 0 
134 181 4 0 
134 139 9 0 
135 171 6 0 
138 187 16 0 
138 160 2 0 
140 190 12 0 
143 148 25 0 
145 182 6 0 
145 157 15 0 
146 158 10 0 
147 184 23 0 
147 171 20 0 
148 174 25 0 
151 198 18 0 
151 191 14 0 
151 173 4 0 
151 158 11 0 
154 198 18 0 
154 194 23 0 
154 176 14 0 
154 160 20 0 
154 159 24 0 
155 160 17 0 
160 173 14 0 
161 199 7 0 
164 198 18 0 
166 173 9 0 
168 176 1 0 
174 199 16 0 
180 192 12 0 
180 191 20 0 
181 193 21 0 
181 192 19 0 
182 197 2 0 
183 194 16 0 
185 192 21 0 
187 196 7 0 
