#GRAPH (#nodes #edges id uu vv ww xx yy zz):
#50 180 geo(0,{50,25,3,0.080,0.000,0.000}) 25 
#
VERTICES (index name u v w x y z):
0 0 20 12 
1 1 10 6 
2 2 21 18 
3 3 15 18 
4 4 0 19 
5 5 10 10 
6 6 24 1 
7 7 8 11 
8 8 20 10 
9 9 23 2 
10 10 16 15 
11 11 22 2 
12 12 16 9 
13 13 3 24 
14 14 19 12 
15 15 22 20 
16 16 8 5 
17 17 11 22 
18 18 3 11 
19 19 4 17 
20 20 11 17 
21 21 16 23 
22 22 18 7 
23 23 16 21 
24 24 7 20 
25 25 16 8 
26 26 4 8 
27 27 13 7 
28 28 4 1 
29 29 5 4 
30 30 16 4 
31 31 24 18 
32 32 12 14 
33 33 7 11 
34 34 15 10 
35 35 23 18 
36 36 13 14 
37 37 20 16 
38 38 21 11 
39 39 19 24 
40 40 0 20 
41 41 11 11 
42 42 20 24 
43 43 12 1 
44 44 14 19 
45 45 10 1 
46 46 12 22 
47 47 0 18 
48 48 20 1 
49 49 20 3 
#
EDGES (from-node to-node length a b):
0 42 12 0 
0 37 4 0 
0 33 13 0 
0 30 9 0 
0 27 9 0 
0 16 14 0 
0 9 10 0 
1 36 9 0 
1 17 16 0 
2 46 10 0 
2 36 9 0 
2 8 8 0 
3 7 10 0 
4 33 11 0 
4 19 4 0 
5 42 17 0 
5 38 11 0 
5 24 10 0 
5 21 14 0 
5 15 16 0 
6 47 29 0 
6 46 24 0 
6 24 25 0 
6 7 19 0 
7 27 6 0 
7 14 11 0 
7 9 17 0 
8 40 22 0 
8 11 8 0 
10 47 16 0 
10 29 16 0 
10 27 9 0 
10 26 14 0 
10 23 6 0 
10 13 16 0 
11 36 15 0 
11 31 16 0 
12 35 11 0 
12 20 9 0 
12 13 20 0 
13 25 21 0 
13 24 6 0 
14 31 8 0 
14 23 9 0 
14 15 9 0 
15 19 18 0 
15 17 11 0 
16 45 4 0 
16 39 22 0 
17 43 21 0 
17 40 11 0 
17 38 15 0 
17 35 13 0 
17 30 19 0 
18 42 21 0 
18 35 21 0 
19 49 21 0 
19 28 16 0 
20 41 6 0 
21 38 13 0 
21 34 13 0 
21 29 22 0 
22 43 8 0 
22 42 17 0 
22 36 9 0 
22 28 15 0 
23 44 3 0 
23 29 20 0 
23 25 13 0 
24 35 16 0 
25 46 15 0 
25 38 6 0 
25 31 13 0 
26 43 11 0 
26 37 18 0 
28 49 16 0 
28 48 16 0 
29 34 12 0 
30 36 10 0 
31 44 10 0 
32 47 13 0 
32 42 13 0 
35 45 21 0 
36 40 14 0 
37 39 8 0 
38 39 13 0 
40 47 2 0 
40 45 21 0 
40 42 20 0 
45 46 21 0 
