#GRAPH (#nodes #edges id uu vv ww xx yy zz):
#50 244 geo(0,{50,25,3,0.080,0.000,0.000}) 25 
#
VERTICES (index name u v w x y z):
0 0 21 3 
1 1 15 0 
2 2 23 14 
3 3 9 9 
4 4 13 5 
5 5 15 6 
6 6 9 24 
7 7 9 5 
8 8 12 7 
9 9 1 3 
10 10 19 0 
11 11 2 17 
12 12 2 13 
13 13 20 6 
14 14 9 11 
15 15 20 10 
16 16 18 8 
17 17 15 14 
18 18 0 4 
19 19 23 20 
20 20 3 19 
21 21 15 24 
22 22 5 7 
23 23 15 3 
24 24 2 18 
25 25 1 9 
26 26 10 5 
27 27 1 4 
28 28 4 8 
29 29 19 23 
30 30 24 17 
31 31 14 16 
32 32 13 0 
33 33 10 8 
34 34 7 0 
35 35 19 6 
36 36 7 17 
37 37 16 15 
38 38 8 14 
39 39 0 11 
40 40 21 15 
41 41 10 17 
42 42 22 16 
43 43 15 15 
44 44 14 7 
45 45 17 2 
46 46 7 19 
47 47 22 23 
48 48 9 21 
49 49 16 2 
#
EDGES (from-node to-node length a b):
0 32 9 0 
0 25 21 0 
0 17 13 0 
0 10 4 0 
0 8 10 0 
0 7 12 0 
1 35 7 0 
1 18 16 0 
1 8 8 0 
1 4 5 0 
2 42 2 0 
2 41 13 0 
2 33 14 0 
2 31 9 0 
2 25 23 0 
3 41 8 0 
3 39 9 0 
3 37 9 0 
5 32 6 0 
5 30 14 0 
5 24 18 0 
5 23 3 0 
5 18 15 0 
5 14 8 0 
5 8 3 0 
6 43 11 0 
6 31 9 0 
6 28 17 0 
6 27 22 0 
6 24 9 0 
7 48 16 0 
7 45 9 0 
7 34 5 0 
7 33 3 0 
7 8 4 0 
8 46 13 0 
8 43 9 0 
8 32 7 0 
8 26 3 0 
8 17 8 0 
8 11 14 0 
8 10 10 0 
9 40 23 0 
9 25 6 0 
10 33 12 0 
10 23 5 0 
10 21 24 0 
11 49 21 0 
11 30 22 0 
11 29 18 0 
11 28 9 0 
11 21 15 0 
11 20 2 0 
12 48 11 0 
12 34 14 0 
12 27 9 0 
12 20 6 0 
12 18 9 0 
12 14 7 0 
13 47 17 0 
13 36 17 0 
13 33 10 0 
13 27 19 0 
13 19 14 0 
14 44 6 0 
15 48 16 0 
15 39 20 0 
15 28 16 0 
15 25 19 0 
16 35 2 0 
16 22 13 0 
17 49 12 0 
17 48 9 0 
17 32 14 0 
17 31 2 0 
18 38 13 0 
18 37 19 0 
18 33 11 0 
18 32 14 0 
18 24 14 0 
19 29 5 0 
19 22 22 0 
20 31 11 0 
20 28 11 0 
21 46 9 0 
21 41 9 0 
21 37 9 0 
21 36 11 0 
21 35 18 0 
21 30 11 0 
21 24 14 0 
22 40 18 0 
22 31 13 0 
22 26 5 0 
23 45 2 0 
23 29 20 0 
23 28 12 0 
25 42 22 0 
25 40 21 0 
25 33 9 0 
26 46 14 0 
26 44 4 0 
26 29 20 0 
26 27 9 0 
27 49 15 0 
27 39 7 0 
27 28 5 0 
28 48 14 0 
28 45 14 0 
28 39 5 0 
29 34 26 0 
30 46 17 0 
31 48 7 0 
31 38 6 0 
31 34 17 0 
31 32 16 0 
32 44 7 0 
32 41 17 0 
35 46 18 0 
36 45 18 0 
37 39 16 0 
43 45 13 0 
