#GRAPH (#nodes #edges id uu vv ww xx yy zz):
#50 232 geo(0,{50,25,3,0.080,0.000,0.000}) 25 
#
VERTICES (index name u v w x y z):
0 0 15 9 
1 1 1 10 
2 2 4 22 
3 3 7 4 
4 4 7 21 
5 5 2 19 
6 6 12 22 
7 7 22 7 
8 8 8 15 
9 9 16 5 
10 10 9 15 
11 11 8 13 
12 12 23 2 
13 13 12 5 
14 14 1 23 
15 15 20 11 
16 16 7 10 
17 17 19 6 
18 18 13 24 
19 19 3 18 
20 20 9 14 
21 21 22 2 
22 22 20 9 
23 23 17 16 
24 24 13 10 
25 25 10 3 
26 26 20 8 
27 27 16 0 
28 28 20 2 
29 29 23 6 
30 30 16 13 
31 31 20 14 
32 32 1 24 
33 33 16 15 
34 34 5 23 
35 35 21 20 
36 36 5 13 
37 37 15 11 
38 38 3 23 
39 39 5 0 
40 40 8 7 
41 41 11 19 
42 42 23 17 
43 43 9 16 
44 44 20 3 
45 45 1 20 
46 46 17 22 
47 47 11 13 
48 48 15 23 
49 49 12 10 
#
EDGES (from-node to-node length a b):
0 47 6 0 
0 38 18 0 
0 15 5 0 
0 4 14 0 
1 48 19 0 
1 41 13 0 
1 40 8 0 
1 32 14 0 
1 16 6 0 
2 14 3 0 
3 30 13 0 
3 18 21 0 
3 17 12 0 
3 7 15 0 
4 46 10 0 
4 43 5 0 
4 38 4 0 
4 34 3 0 
4 29 22 0 
4 27 23 0 
4 6 5 0 
5 39 19 0 
5 38 4 0 
5 35 19 0 
5 33 15 0 
5 10 8 0 
6 41 3 0 
6 40 16 0 
6 36 11 0 
6 35 9 0 
6 19 10 0 
7 49 10 0 
7 37 8 0 
7 21 5 0 
7 14 26 0 
7 12 5 0 
8 32 11 0 
9 45 21 0 
9 32 24 0 
9 30 8 0 
9 16 10 0 
10 30 7 0 
10 28 17 0 
10 25 12 0 
10 14 11 0 
11 44 16 0 
11 40 6 0 
11 36 3 0 
11 21 18 0 
11 20 1 0 
12 31 12 0 
12 30 13 0 
12 20 18 0 
13 45 19 0 
13 31 12 0 
13 25 3 0 
14 44 28 0 
14 27 27 0 
14 21 30 0 
15 40 13 0 
15 34 19 0 
15 26 3 0 
15 21 9 0 
15 19 18 0 
16 48 15 0 
16 38 14 0 
16 32 15 0 
16 26 13 0 
16 17 13 0 
17 40 11 0 
17 24 7 0 
18 49 14 0 
18 33 9 0 
18 31 12 0 
18 28 23 0 
19 43 6 0 
19 21 25 0 
20 26 13 0 
20 25 11 0 
21 43 19 0 
21 37 11 0 
21 28 2 0 
22 43 13 0 
23 37 5 0 
23 30 3 0 
23 24 7 0 
24 49 1 0 
24 48 13 0 
24 45 16 0 
24 37 2 0 
24 36 9 0 
24 28 11 0 
25 40 4 0 
25 29 13 0 
27 48 23 0 
27 44 5 0 
28 49 11 0 
29 41 18 0 
29 40 15 0 
29 39 19 0 
31 35 6 0 
32 42 23 0 
32 35 20 0 
34 42 19 0 
34 35 16 0 
36 39 13 0 
37 48 12 0 
37 47 4 0 
37 43 8 0 
38 47 13 0 
38 39 23 0 
39 48 25 0 
41 44 18 0 
41 42 12 0 
42 49 13 0 
45 46 16 0 
