#GRAPH (#nodes #edges id uu vv ww xx yy zz):
#50 200 geo(0,{50,25,3,0.080,0.000,0.000}) 25 
#
VERTICES (index name u v w x y z):
0 0 3 6 
1 1 8 8 
2 2 7 2 
3 3 19 24 
4 4 0 24 
5 5 9 14 
6 6 5 16 
7 7 23 24 
8 8 24 24 
9 9 2 4 
10 10 13 7 
11 11 3 17 
12 12 9 18 
13 13 8 17 
14 14 0 14 
15 15 23 3 
16 16 21 10 
17 17 10 24 
18 18 20 17 
19 19 16 10 
20 20 8 19 
21 21 16 17 
22 22 1 9 
23 23 5 24 
24 24 3 16 
25 25 6 10 
26 26 24 20 
27 27 18 7 
28 28 1 17 
29 29 24 10 
30 30 22 9 
31 31 20 7 
32 32 5 4 
33 33 2 19 
34 34 21 14 
35 35 3 5 
36 36 17 19 
37 37 22 8 
38 38 11 24 
39 39 0 11 
40 40 1 0 
41 41 23 15 
42 42 2 0 
43 43 17 1 
44 44 1 20 
45 45 20 4 
46 46 0 19 
47 47 5 11 
48 48 21 13 
49 49 13 1 
#
EDGES (from-node to-node length a b):
0 41 22 0 
0 27 15 0 
0 15 20 0 
0 11 11 0 
1 44 14 0 
1 36 14 0 
1 7 22 0 
2 34 18 0 
2 31 14 0 
2 28 16 0 
2 20 17 0 
2 18 20 0 
2 9 5 0 
2 6 14 0 
3 34 10 0 
4 8 24 0 
4 7 23 0 
5 40 16 0 
5 32 11 0 
5 30 14 0 
5 24 6 0 
6 49 17 0 
6 48 16 0 
6 41 18 0 
6 26 19 0 
6 22 8 0 
6 13 3 0 
7 45 20 0 
7 37 16 0 
7 34 10 0 
7 16 14 0 
7 10 20 0 
8 26 4 0 
8 23 19 0 
9 37 20 0 
9 33 15 0 
9 26 27 0 
9 13 14 0 
9 11 13 0 
10 48 10 0 
10 31 7 0 
10 17 17 0 
11 18 17 0 
12 46 9 0 
12 42 19 0 
12 41 14 0 
13 35 13 0 
13 15 21 0 
14 25 7 0 
14 22 5 0 
14 15 25 0 
15 41 12 0 
15 37 5 0 
15 27 6 0 
16 48 3 0 
16 46 23 0 
16 42 21 0 
16 36 10 0 
16 30 1 0 
17 45 22 0 
17 32 21 0 
18 22 21 0 
18 21 4 0 
19 27 4 0 
20 48 14 0 
20 46 8 0 
20 36 9 0 
20 22 12 0 
21 45 14 0 
21 41 7 0 
21 30 10 0 
21 27 10 0 
23 41 20 0 
23 37 23 0 
23 31 23 0 
23 30 23 0 
23 26 19 0 
23 24 8 0 
26 34 7 0 
27 48 7 0 
27 46 22 0 
28 43 23 0 
28 37 23 0 
28 31 21 0 
28 29 24 0 
29 36 11 0 
30 31 3 0 
31 42 19 0 
31 36 12 0 
32 37 17 0 
33 45 23 0 
35 38 21 0 
37 48 5 0 
39 47 5 0 
39 44 9 0 
41 44 23 0 
42 49 11 0 
42 43 15 0 
44 47 10 0 
44 45 25 0 
