#GRAPH (#nodes #edges id uu vv ww xx yy zz):
#50 222 geo(0,{50,25,3,0.080,0.000,0.000}) 25 
#
VERTICES (index name u v w x y z):
0 0 22 13 
1 1 10 2 
2 2 20 16 
3 3 7 1 
4 4 21 15 
5 5 15 0 
6 6 2 15 
7 7 17 4 
8 8 13 5 
9 9 13 24 
10 10 22 19 
11 11 17 7 
12 12 0 7 
13 13 13 12 
14 14 9 14 
15 15 4 12 
16 16 16 12 
17 17 21 21 
18 18 14 10 
19 19 11 12 
20 20 11 8 
21 21 4 22 
22 22 2 14 
23 23 20 5 
24 24 8 3 
25 25 0 15 
26 26 8 19 
27 27 24 19 
28 28 13 19 
29 29 3 14 
30 30 11 18 
31 31 13 23 
32 32 1 4 
33 33 10 7 
34 34 11 17 
35 35 12 11 
36 36 6 8 
37 37 23 7 
38 38 10 3 
39 39 16 5 
40 40 12 1 
41 41 13 1 
42 42 0 17 
43 43 24 23 
44 44 3 10 
45 45 16 21 
46 46 16 2 
47 47 18 12 
48 48 4 7 
49 49 17 14 
#
EDGES (from-node to-node length a b):
0 46 13 0 
0 44 19 0 
0 40 16 0 
0 39 10 0 
0 33 13 0 
0 24 17 0 
0 23 8 0 
0 7 10 0 
1 33 5 0 
1 29 14 0 
1 22 14 0 
1 19 10 0 
1 14 12 0 
1 2 17 0 
2 44 18 0 
2 32 22 0 
2 27 5 0 
2 5 17 0 
3 49 16 0 
3 24 2 0 
3 20 8 0 
4 31 11 0 
4 7 12 0 
5 42 23 0 
5 34 17 0 
5 28 19 0 
6 44 5 0 
6 23 21 0 
6 17 20 0 
6 14 7 0 
6 12 8 0 
7 45 17 0 
7 41 5 0 
7 20 7 0 
7 9 20 0 
8 25 16 0 
8 14 10 0 
9 31 1 0 
10 46 18 0 
10 45 6 0 
10 43 4 0 
10 29 20 0 
10 13 11 0 
10 11 13 0 
11 28 13 0 
12 38 11 0 
12 15 6 0 
13 49 4 0 
13 45 9 0 
13 31 11 0 
13 30 6 0 
13 21 13 0 
13 16 3 0 
14 47 9 0 
14 45 10 0 
14 35 4 0 
14 18 6 0 
14 16 7 0 
17 49 8 0 
17 38 21 0 
17 23 16 0 
18 23 8 0 
18 21 16 0 
19 39 9 0 
19 36 6 0 
19 31 11 0 
20 37 12 0 
20 29 10 0 
20 28 11 0 
21 46 23 0 
21 38 20 0 
21 37 24 0 
21 30 8 0 
22 39 17 0 
22 34 9 0 
23 47 7 0 
23 40 9 0 
23 39 4 0 
23 31 19 0 
23 29 19 0 
24 39 8 0 
24 37 16 0 
24 34 14 0 
24 30 15 0 
25 34 11 0 
26 45 8 0 
27 35 14 0 
27 31 12 0 
27 28 11 0 
28 49 6 0 
28 43 12 0 
28 32 19 0 
28 31 4 0 
29 48 7 0 
29 46 18 0 
29 33 10 0 
29 32 10 0 
30 44 11 0 
30 43 14 0 
30 38 15 0 
31 34 6 0 
32 47 19 0 
32 46 15 0 
33 44 8 0 
34 41 16 0 
36 48 2 0 
36 38 6 0 
37 49 9 0 
38 44 10 0 
39 46 3 0 
42 46 22 0 
