#GRAPH (#nodes #edges id uu vv ww xx yy zz):
#50 186 geo(0,{50,25,3,0.080,0.000,0.000}) 25 
#
VERTICES (index name u v w x y z):
0 0 16 9 
1 1 17 23 
2 2 18 16 
3 3 12 15 
4 4 14 9 
5 5 2 10 
6 6 9 23 
7 7 21 3 
8 8 23 3 
9 9 11 24 
10 10 11 6 
11 11 23 1 
12 12 23 9 
13 13 17 9 
14 14 5 10 
15 15 21 17 
16 16 5 18 
17 17 20 16 
18 18 13 22 
19 19 13 20 
20 20 3 20 
21 21 0 2 
22 22 3 6 
23 23 15 24 
24 24 10 20 
25 25 13 4 
26 26 12 2 
27 27 7 0 
28 28 7 12 
29 29 5 17 
30 30 8 23 
31 31 14 18 
32 32 8 5 
33 33 12 14 
34 34 13 21 
35 35 22 2 
36 36 10 21 
37 37 8 8 
38 38 21 9 
39 39 0 16 
40 40 0 3 
41 41 16 1 
42 42 6 12 
43 43 24 21 
44 44 24 22 
45 45 21 20 
46 46 10 23 
47 47 4 19 
48 48 16 15 
49 49 16 3 
#
EDGES (from-node to-node length a b):
0 37 8 0 
0 28 9 0 
1 46 7 0 
1 15 7 0 
2 44 8 0 
2 43 8 0 
2 41 15 0 
2 40 22 0 
2 37 13 0 
2 31 4 0 
3 35 16 0 
3 16 8 0 
3 13 8 0 
4 47 14 0 
4 43 16 0 
4 41 8 0 
4 28 8 0 
4 26 7 0 
4 23 15 0 
5 44 25 0 
6 33 9 0 
6 19 5 0 
6 17 13 0 
6 9 2 0 
7 45 17 0 
7 44 19 0 
7 43 18 0 
7 27 14 0 
7 20 25 0 
8 47 25 0 
8 43 18 0 
8 25 10 0 
8 18 21 0 
8 11 2 0 
9 36 3 0 
9 19 4 0 
10 29 13 0 
12 41 11 0 
12 28 16 0 
13 35 9 0 
13 25 6 0 
13 24 13 0 
13 22 14 0 
14 48 12 0 
14 45 19 0 
14 17 16 0 
15 29 16 0 
15 25 15 0 
15 19 9 0 
16 42 6 0 
16 40 16 0 
16 36 6 0 
16 30 6 0 
17 28 14 0 
17 26 16 0 
18 35 22 0 
18 30 5 0 
19 44 11 0 
20 45 18 0 
21 31 21 0 
21 28 12 0 
21 22 5 0 
22 47 13 0 
23 39 17 0 
23 36 6 0 
24 49 18 0 
24 48 8 0 
24 43 14 0 
25 29 15 0 
26 47 19 0 
26 42 12 0 
26 33 12 0 
26 27 5 0 
27 43 27 0 
29 40 15 0 
29 37 9 0 
30 46 2 0 
30 37 15 0 
30 35 25 0 
31 36 5 0 
32 36 16 0 
33 38 10 0 
34 43 11 0 
34 35 21 0 
35 37 15 0 
36 40 21 0 
40 48 20 0 
41 48 14 0 
41 46 23 0 
42 44 21 0 
43 44 1 0 
44 47 20 0 
47 48 13 0 
