#GRAPH (#nodes #edges id uu vv ww xx yy zz):
#50 184 geo(0,{50,25,3,0.080,0.000,0.000}) 25 
#
VERTICES (index name u v w x y z):
0 0 23 10 
1 1 0 14 
2 2 17 9 
3 3 21 22 
4 4 17 1 
5 5 23 3 
6 6 21 2 
7 7 7 13 
8 8 11 6 
9 9 7 2 
10 10 17 15 
11 11 8 2 
12 12 20 21 
13 13 8 0 
14 14 16 6 
15 15 14 0 
16 16 3 16 
17 17 3 12 
18 18 13 14 
19 19 10 11 
20 20 4 17 
21 21 15 3 
22 22 17 2 
23 23 4 23 
24 24 12 17 
25 25 16 18 
26 26 20 22 
27 27 5 1 
28 28 13 1 
29 29 17 4 
30 30 17 22 
31 31 9 1 
32 32 10 4 
33 33 13 3 
34 34 3 21 
35 35 11 7 
36 36 18 8 
37 37 8 24 
38 38 4 20 
39 39 20 24 
40 40 23 2 
41 41 2 13 
42 42 5 16 
43 43 21 11 
44 44 22 13 
45 45 17 11 
46 46 21 17 
47 47 12 18 
48 48 9 10 
49 49 8 16 
#
EDGES (from-node to-node length a b):
0 40 8 0 
0 34 23 0 
1 45 17 0 
1 20 5 0 
2 21 6 0 
2 20 15 0 
2 6 8 0 
3 30 4 0 
3 13 26 0 
4 47 18 0 
4 23 26 0 
4 20 21 0 
4 18 14 0 
4 9 10 0 
4 7 16 0 
5 48 16 0 
5 17 22 0 
5 15 9 0 
5 6 2 0 
6 42 21 0 
6 20 23 0 
6 9 14 0 
7 48 4 0 
7 14 11 0 
7 9 11 0 
8 47 12 0 
8 39 20 0 
8 27 8 0 
10 40 14 0 
10 22 13 0 
11 46 20 0 
11 44 18 0 
11 28 5 0 
11 25 18 0 
12 46 4 0 
12 36 13 0 
12 35 17 0 
12 34 17 0 
12 28 21 0 
12 27 25 0 
12 24 9 0 
12 22 19 0 
12 21 19 0 
12 17 19 0 
13 44 19 0 
13 33 6 0 
14 24 12 0 
14 15 6 0 
15 42 18 0 
15 40 9 0 
15 38 22 0 
16 42 2 0 
17 45 14 0 
17 39 21 0 
18 48 6 0 
18 43 9 0 
18 19 4 0 
19 42 7 0 
19 40 16 0 
19 34 12 0 
19 26 15 0 
20 38 3 0 
20 36 17 0 
22 49 17 0 
22 48 11 0 
22 41 19 0 
23 44 21 0 
24 46 9 0 
25 33 15 0 
26 43 11 0 
27 35 8 0 
28 48 10 0 
28 45 11 0 
28 35 6 0 
29 31 9 0 
31 39 25 0 
32 47 14 0 
32 38 17 0 
33 49 14 0 
33 47 15 0 
34 41 8 0 
35 36 7 0 
36 48 9 0 
36 47 12 0 
36 38 18 0 
37 44 18 0 
38 40 26 0 
39 44 11 0 
40 46 15 0 
41 48 8 0 
42 48 7 0 
43 46 6 0 
