#GRAPH (#nodes #edges id uu vv ww xx yy zz):
#50 218 geo(0,{50,25,3,0.080,0.000,0.000}) 25 
#
VERTICES (index name u v w x y z):
0 0 1 0 
1 1 21 15 
2 2 2 22 
3 3 17 9 
4 4 12 9 
5 5 23 4 
6 6 13 13 
7 7 10 11 
8 8 22 21 
9 9 0 15 
10 10 9 7 
11 11 15 15 
12 12 5 18 
13 13 12 10 
14 14 4 22 
15 15 23 15 
16 16 18 24 
17 17 22 9 
18 18 23 5 
19 19 16 7 
20 20 15 23 
21 21 22 12 
22 22 14 19 
23 23 8 10 
24 24 13 0 
25 25 19 2 
26 26 6 16 
27 27 8 16 
28 28 10 8 
29 29 18 0 
30 30 13 14 
31 31 13 20 
32 32 9 11 
33 33 23 21 
34 34 20 13 
35 35 10 16 
36 36 2 14 
37 37 22 4 
38 38 4 10 
39 39 17 3 
40 40 5 19 
41 41 2 17 
42 42 19 23 
43 43 19 1 
44 44 20 0 
45 45 15 14 
46 46 9 9 
47 47 17 12 
48 48 15 19 
49 49 23 10 
#
EDGES (from-node to-node length a b):
0 49 24 0 
0 39 16 0 
0 33 30 0 
0 14 22 0 
0 13 15 0 
1 32 13 0 
2 33 21 0 
2 12 5 0 
2 3 20 0 
3 38 13 0 
3 28 7 0 
3 25 7 0 
4 47 6 0 
4 11 7 0 
4 9 13 0 
5 41 25 0 
5 36 23 0 
5 31 19 0 
6 26 8 0 
6 19 7 0 
7 45 6 0 
7 39 11 0 
7 26 6 0 
7 20 13 0 
7 18 14 0 
7 8 16 0 
8 34 8 0 
8 24 23 0 
8 22 8 0 
8 15 6 0 
8 13 15 0 
8 10 19 0 
9 37 25 0 
9 25 23 0 
9 23 9 0 
9 13 13 0 
10 45 9 0 
10 43 12 0 
10 40 13 0 
10 14 16 0 
11 19 8 0 
11 17 9 0 
12 46 10 0 
12 25 21 0 
13 44 13 0 
13 27 7 0 
13 20 13 0 
13 18 12 0 
13 17 10 0 
14 29 26 0 
14 26 6 0 
15 41 21 0 
15 40 18 0 
15 31 11 0 
15 19 11 0 
16 37 20 0 
17 48 12 0 
17 32 13 0 
17 23 14 0 
17 21 3 0 
18 47 9 0 
18 42 18 0 
18 29 7 0 
18 28 13 0 
19 45 7 0 
19 39 4 0 
19 37 7 0 
19 29 7 0 
19 28 6 0 
19 27 12 0 
20 46 15 0 
20 42 4 0 
20 37 20 0 
20 22 4 0 
21 47 5 0 
22 45 5 0 
22 36 13 0 
23 32 1 0 
24 44 7 0 
24 33 23 0 
24 25 6 0 
25 48 17 0 
25 46 12 0 
25 43 1 0 
25 36 21 0 
26 42 15 0 
26 37 20 0 
26 36 4 0 
26 34 14 0 
27 42 13 0 
27 37 18 0 
27 35 2 0 
28 46 1 0 
28 37 13 0 
29 41 23 0 
29 37 6 0 
29 36 21 0 
29 32 14 0 
30 45 2 0 
30 40 9 0 
31 38 13 0 
31 37 18 0 
32 33 17 0 
33 48 8 0 
34 48 8 0 
36 40 6 0 
37 39 5 0 
44 49 10 0 
47 49 6 0 
