#GRAPH (#nodes #edges id uu vv ww xx yy zz):
#50 196 geo(0,{50,25,3,0.080,0.000,0.000}) 25 
#
VERTICES (index name u v w x y z):
0 0 17 20 
1 1 5 1 
2 2 16 24 
3 3 22 5 
4 4 20 10 
5 5 21 12 
6 6 21 20 
7 7 10 3 
8 8 23 16 
9 9 15 3 
10 10 8 1 
11 11 10 8 
12 12 14 23 
13 13 18 13 
14 14 12 11 
15 15 20 8 
16 16 5 11 
17 17 21 16 
18 18 3 2 
19 19 9 15 
20 20 17 8 
21 21 11 18 
22 22 20 0 
23 23 18 12 
24 24 0 5 
25 25 1 3 
26 26 13 21 
27 27 19 6 
28 28 7 9 
29 29 14 10 
30 30 4 1 
31 31 14 17 
32 32 15 8 
33 33 24 0 
34 34 7 2 
35 35 4 5 
36 36 0 14 
37 37 6 14 
38 38 7 7 
39 39 5 10 
40 40 15 11 
41 41 4 20 
42 42 23 4 
43 43 5 2 
44 44 2 19 
45 45 6 0 
46 46 10 15 
47 47 21 11 
48 48 17 19 
49 49 7 6 
#
EDGES (from-node to-node length a b):
0 46 9 0 
0 38 16 0 
0 28 15 0 
0 20 12 0 
0 9 17 0 
0 1 22 0 
1 44 18 0 
1 34 2 0 
1 28 8 0 
2 40 13 0 
3 49 15 0 
3 36 24 0 
3 35 18 0 
3 27 3 0 
3 23 8 0 
3 15 4 0 
3 11 12 0 
3 8 11 0 
4 47 1 0 
4 40 5 0 
5 43 19 0 
5 34 17 0 
5 7 14 0 
6 37 16 0 
6 29 12 0 
6 26 8 0 
6 25 26 0 
6 13 8 0 
7 49 4 0 
7 46 12 0 
7 44 18 0 
7 13 13 0 
8 37 17 0 
8 34 21 0 
8 26 11 0 
9 42 8 0 
9 29 7 0 
9 27 5 0 
9 26 18 0 
9 18 12 0 
10 42 15 0 
10 37 13 0 
10 21 17 0 
10 13 16 0 
11 48 13 0 
11 29 4 0 
12 48 5 0 
12 46 9 0 
12 27 18 0 
14 43 11 0 
14 40 3 0 
14 28 5 0 
14 27 9 0 
14 21 7 0 
16 48 14 0 
16 34 9 0 
16 32 10 0 
16 30 10 0 
17 35 20 0 
17 30 23 0 
18 49 6 0 
18 44 17 0 
18 27 16 0 
19 28 6 0 
19 25 14 0 
20 30 15 0 
20 24 17 0 
21 36 12 0 
22 48 19 0 
22 37 20 0 
22 27 6 0 
23 30 18 0 
25 42 22 0 
25 40 16 0 
25 36 11 0 
25 30 4 0 
26 38 15 0 
26 37 10 0 
26 36 15 0 
26 31 4 0 
27 48 13 0 
28 32 8 0 
29 43 12 0 
29 40 1 0 
30 40 15 0 
30 35 4 0 
30 34 3 0 
30 32 13 0 
33 36 28 0 
34 49 4 0 
34 45 2 0 
39 45 10 0 
39 44 9 0 
39 43 8 0 
39 42 19 0 
39 41 10 0 
43 49 4 0 
43 46 14 0 
