#GRAPH (#nodes #edges id uu vv ww xx yy zz):
#50 200 geo(0,{50,25,3,0.080,0.000,0.000}) 25 
#
VERTICES (index name u v w x y z):
0 0 6 10 
1 1 3 21 
2 2 23 10 
3 3 2 22 
4 4 19 1 
5 5 16 5 
6 6 7 11 
7 7 18 5 
8 8 11 10 
9 9 5 0 
10 10 11 20 
11 11 19 22 
12 12 7 8 
13 13 3 9 
14 14 13 2 
15 15 22 22 
16 16 17 4 
17 17 16 17 
18 18 15 6 
19 19 14 18 
20 20 6 16 
21 21 7 7 
22 22 13 9 
23 23 7 24 
24 24 8 21 
25 25 17 3 
26 26 1 22 
27 27 1 19 
28 28 1 17 
29 29 24 15 
30 30 6 12 
31 31 2 21 
32 32 11 0 
33 33 6 8 
34 34 8 3 
35 35 2 11 
36 36 2 19 
37 37 11 7 
38 38 7 9 
39 39 20 6 
40 40 9 10 
41 41 14 5 
42 42 24 20 
43 43 19 5 
44 44 4 17 
45 45 24 3 
46 46 0 0 
47 47 23 0 
48 48 16 0 
49 49 11 23 
#
EDGES (from-node to-node length a b):
0 42 21 0 
0 36 10 0 
0 33 2 0 
0 29 19 0 
0 15 20 0 
0 13 3 0 
1 34 19 0 
1 14 21 0 
1 11 16 0 
2 49 18 0 
2 23 21 0 
2 21 16 0 
2 20 18 0 
3 45 29 0 
3 42 22 0 
3 5 22 0 
4 43 4 0 
4 27 25 0 
4 25 3 0 
4 19 18 0 
4 15 21 0 
5 28 19 0 
6 43 13 0 
6 41 9 0 
6 22 6 0 
6 13 4 0 
7 49 19 0 
7 41 4 0 
7 39 2 0 
7 36 21 0 
7 34 10 0 
8 44 10 0 
8 42 16 0 
8 35 9 0 
8 32 10 0 
8 26 16 0 
9 41 10 0 
9 10 21 0 
10 41 15 0 
10 40 10 0 
10 24 3 0 
10 13 14 0 
12 36 12 0 
12 25 11 0 
12 17 13 0 
12 15 21 0 
13 47 22 0 
13 29 22 0 
13 16 15 0 
14 42 21 0 
14 38 9 0 
14 37 5 0 
15 42 3 0 
15 34 24 0 
15 33 21 0 
16 26 24 0 
17 44 12 0 
17 24 9 0 
17 20 10 0 
17 18 11 0 
18 36 18 0 
19 44 10 0 
19 40 9 0 
19 34 16 0 
20 43 17 0 
20 41 14 0 
20 34 13 0 
20 26 8 0 
21 44 10 0 
22 28 14 0 
23 40 14 0 
23 25 23 0 
24 34 18 0 
24 29 17 0 
24 25 20 0 
25 42 18 0 
25 37 7 0 
26 48 27 0 
26 44 6 0 
27 45 28 0 
27 43 23 0 
27 37 16 0 
27 34 17 0 
27 31 2 0 
28 46 17 0 
28 34 16 0 
29 47 15 0 
30 40 4 0 
31 40 13 0 
31 38 13 0 
31 36 2 0 
32 38 10 0 
33 45 19 0 
33 39 14 0 
35 42 24 0 
36 43 22 0 
37 48 9 0 
38 49 15 0 
41 47 10 0 
41 45 10 0 
